-73.700745 -53.811722 72.799171
-78.636917 -29.288624 11.317446
-83.279755 -33.832172 39.056507
-83.531113 -35.031265 52.824276
-74.167229 -36.102364 86.665085
-75.570000 -21.272501 -7.982916
-84.592949 -20.937540 22.673466
-83.951118 -21.458971 65.886345
-87.842590 -9.659388 45.796318
-76.842720 5.451684 76.118179
-85.034424 16.253725 21.622797
-83.906067 21.420198 47.606617
-83.985497 23.802277 -16.232578
-84.250275 30.518005 -9.795959
-83.897041 42.578613 -7.093243
-76.503304 67.048950 -16.373428
-79.088341 61.660141 -7.214707
-65.325966 -71.533737 48.459167
-67.956467 -64.024033 36.427963
-70.954712 -63.255638 54.815018
-66.220856 -42.285366 -13.089861
-69.636002 -9.986562 -35.016880
-68.446129 -14.527784 94.929955
-70.850822 33.792793 -64.362564
-79.587715 28.588209 -41.685856
-69.519173 31.078514 77.900414
-72.982994 48.067211 55.392902
-63.881348 55.103703 69.985573
-73.207230 71.283630 2.386959
-61.180115 66.933311 59.843876
-70.477203 79.094284 -6.243503
-66.009583 81.716438 -0.356393
-62.836540 76.929497 17.098068
-69.211372 70.588783 20.941231
-63.187508 76.008102 40.593994
-47.495567 -82.420464 14.885313
-48.832817 -88.433838 35.145546
-48.692966 -87.390129 56.335690
-49.883396 -80.427330 76.769997
-51.009754 -69.005333 95.276321
-49.876602 -68.979225 -3.319406
-51.147743 -55.041588 105.972183
-59.301186 10.970798 99.947701
-70.685318 54.869984 -49.590416
-55.793457 39.043159 95.436928
-55.990421 57.784206 -72.237617
-61.319309 63.754238 -59.477787
-74.161926 71.076904 -19.510254
-50.927078 62.915009 84.940231
-60.588345 88.963913 -20.191126
-60.481236 89.437279 -9.779953
-49.324680 95.217972 -11.656008
-56.054096 87.676735 1.290673
-45.267635 87.473289 50.911781
-44.987942 79.942833 70.242722
-62.523888 -41.427715 -22.251589
-50.661324 -30.250046 112.083733
-44.658035 3.422393 114.133812
-39.127113 34.742672 111.462975
-40.666050 73.607262 -76.503075
-34.698307 60.036720 101.432899
-45.694370 81.581703 -57.564945
-46.371254 96.811348 -20.821445
-35.446491 94.314468 37.838177
-36.418648 94.521545 -2.375108
-27.763052 80.208298 87.636833
-26.423100 93.575310 -69.774055
-33.853622 99.261009 -19.872433
-32.524246 97.214874 -8.217294
-24.572674 98.865471 -14.329246
-23.669849 97.495300 50.464645
-19.369785 97.415520 -80.057343
-18.344540 100.787209 -59.187893
-14.569489 105.466591 -28.146580
-19.821659 95.503242 4.179318
-16.713869 96.166328 34.676628
-18.195238 94.440453 63.984112
-5.955979 -99.990715 29.732346
-7.417117 -100.827888 62.116882
-4.305367 -84.098465 -4.658569
-4.370796 -84.076447 102.526031
-9.072131 -57.305466 122.690552
-2.776892 36.645660 121.449097
-0.751708 59.473640 109.523560
-0.838416 87.638283 83.242851
-0.999493 101.621941 -82.143547
-0.924027 104.146599 -71.375809
-1.700281 103.122345 -61.947906
1.235499 109.154549 -28.727356
-1.555619 94.936646 29.643112
-1.146612 98.520409 43.884781
-1.172956 95.154510 63.283676
13.708804 96.124138 -81.766685
16.195400 99.709167 -62.641617
17.585636 101.993233 -51.624359
13.308300 105.358826 -28.313829
10.830647 96.701836 36.081242
25.934959 -96.854485 33.956741
27.017113 -95.940346 57.869659
24.677692 -89.632935 13.017088
27.893026 -89.161026 77.820557
26.541752 -77.689629 -4.749184
30.540699 -76.917099 96.986603
32.661896 -63.408371 108.216736
43.049522 -56.548679 -21.601410
36.590080 -38.685860 115.554535
35.171181 -1.243019 115.806763
32.680290 31.247379 112.262939
30.161091 56.403664 101.801849
30.474689 77.618515 -81.299263
26.368132 76.984673 86.907135
19.293367 94.795906 -72.572861
27.730810 97.242935 -20.189695
32.122513 93.459724 -6.819317
17.898184 92.207977 5.658319
24.850048 94.607391 37.801273
18.591942 92.680397 64.036285
18.722372 96.681671 51.515640
47.245670 54.626244 -76.747078
53.092594 60.925156 -64.933395
43.539848 77.529510 -60.842220
37.875252 96.170876 -24.395952
45.455177 93.172516 -13.861972
36.896328 90.912575 -0.182645
37.847874 87.930038 51.516026
51.534176 -75.253517 34.569885
52.432991 -75.039001 54.031189
54.622799 -57.392929 3.802722
54.077286 -66.484612 19.578653
52.162441 -52.304768 -11.392426
51.630333 3.459735 100.989723
61.829445 26.699558 -68.930313
69.419006 29.140337 -52.166710
72.935051 37.861404 -33.083351
50.181419 33.237953 95.951431
64.861641 48.991596 -53.505257
60.996235 68.918007 -39.248856
72.320709 64.609024 -9.933289
48.149475 56.741196 84.905777
58.620102 84.678322 -18.454779
52.026974 84.086952 3.525522
43.190937 74.816833 69.876831
55.923405 86.765984 -7.967805
45.415466 89.230507 34.882423
57.058647 -64.936661 73.052155
67.112450 -44.812935 37.587151
67.714027 -46.250015 52.230625
60.628555 -46.907112 88.439301
69.181602 -36.781479 26.528877
58.346779 -23.468369 97.548515
63.956299 -16.319937 -29.457556
67.898262 -3.627985 76.335556
74.230461 14.911534 -39.043831
63.683060 22.332756 77.989319
70.184578 55.824184 17.583870
70.308777 35.835426 58.484283
60.741333 47.537956 70.499901
71.226700 66.384834 -14.526449
69.346245 64.778351 3.690544
61.876640 66.709129 20.675026
57.440933 61.711754 62.635612
66.746750 74.479454 -5.819569
60.744061 76.255875 4.316225
55.859207 77.494377 41.422722
55.627304 69.438461 55.160561
70.780281 -32.622620 65.126167
70.738533 -28.437496 8.485351
77.492378 0.921811 23.784986
76.127411 3.484755 52.374565
79.556274 15.556160 -11.815294
73.232361 62.221497 -6.642824
-78.967468 -21.611311 79.864670
-87.632179 -13.366486 31.117613
-87.619064 3.778620 29.719910
-84.514267 -1.389074 62.216320
-77.677086 21.280691 -49.270672
-84.404915 22.669554 36.153633
-77.073990 26.532166 66.642807
-82.125771 30.524902 -29.630144
-82.737564 33.694344 23.117588
-80.159210 35.416943 43.589191
-64.938164 -51.596413 -0.286266
-69.933105 -53.408024 22.146852
-64.214218 20.019043 90.872917
-74.733559 34.723953 -54.569099
-76.368790 40.642490 -44.805622
-68.382446 45.589203 -63.193668
-76.453049 51.619514 30.018646
-69.928795 80.014687 -15.659815
-59.972816 -68.767929 15.125521
-59.509830 50.598396 82.923920
-60.578903 71.991920 -48.710411
-53.076233 86.003159 42.928810
-50.680145 86.571548 -39.875446
-46.002068 93.177521 -32.447819
-39.860813 94.135681 -37.541409
-32.149532 -96.703445 37.775593
-28.527470 -91.343643 81.288811
-37.392029 -79.609749 -1.096636
-29.339705 -80.981483 99.345116
-30.966398 -64.780159 113.455368
-31.598295 -43.816463 121.848282
-28.491751 -18.413996 125.819885
-37.838959 83.351669 -66.087044
-38.062843 87.947891 61.803715
-37.274876 92.031624 -48.648087
-29.050133 99.956871 -32.249786
-26.626791 -91.857574 13.747894
-26.581873 -97.859085 58.773228
-24.923210 13.052458 124.051826
-23.296440 46.394936 114.120621
-23.643845 97.897888 -5.133191
-18.654840 89.573051 77.545952
-6.175432 -96.405327 79.660080
-7.020508 -35.533279 129.423126
-3.885918 -8.662747 130.892014
-4.598553 15.997343 127.572807
0.140483 74.796432 97.083908
-2.975100 97.527405 53.393143
10.795732 -93.968666 13.791920
15.040277 -100.080872 39.471912
11.078950 -98.737656 65.882156
9.699578 -91.005943 89.062386
11.506598 -71.571640 112.795731
15.821964 -47.932407 123.226761
18.527477 -21.310621 126.452072
15.812947 -0.360536 126.298752
15.634206 24.152681 122.442474
13.098897 50.287148 113.012024
14.007965 88.723839 77.790642
29.100960 87.245628 -67.638374
31.964672 86.295731 63.966373
25.529749 100.180954 -31.009651
23.254293 94.413475 -4.683914
25.740534 96.090866 -12.406929
40.843212 -88.453049 42.664330
43.693783 -79.507530 74.471748
42.796249 -74.837929 8.759437
36.268959 85.780609 -59.302830
43.376038 87.757072 43.859322
34.245159 91.503967 -51.728550
36.648693 94.329231 -39.511135
48.606709 -52.868702 100.881340
54.031956 43.165524 -74.297485
55.568954 43.168720 83.493500
50.655365 64.429634 72.304611
48.528194 78.880844 -50.591434
46.722176 87.180176 -38.911980
50.692287 89.768753 -25.659010
61.381615 -59.335274 44.379925
62.355503 -48.997215 11.193102
65.234894 -47.854527 74.867889
67.057564 -26.787121 82.734146
60.938698 -3.313862 89.701675
56.415005 22.257626 90.048386
64.443237 38.397560 -61.050354
68.285110 50.110596 -41.325665
66.039841 52.207741 53.038151
65.888260 74.407394 -20.219889
73.973396 -20.739471 19.225555
73.411743 -27.056454 52.999958
77.203735 -12.738861 37.539753
72.943176 -5.889392 64.999031
69.521194 15.935457 -53.404778
79.079597 15.819877 17.749096
77.918694 8.243565 40.114468
72.136612 30.473152 -41.757572
70.319473 21.210043 66.489655
77.239174 12.689101 -27.602093
-71.984100 21.109253 -64.985565
29.181164 93.869026 46.755341
-34.398296 94.906372 46.475243
11.549621 98.546356 43.754520
-15.081681 98.591255 43.639706
-84.518478 7.710097 12.082249
-83.779495 30.351742 15.050324
74.884773 -24.464947 38.978745
75.471161 -10.452534 54.130791
0.363682 107.404228 -22.822802
18.638849 98.627838 -19.860085
-20.027704 99.614471 -18.801254
10.886575 103.037651 -21.407177
-1.618481 119.186676 -8.558929
-10.743305 104.018066 -19.746859
8.599305 104.862534 -1.119055
-10.720681 106.610550 -1.650834
-2.490737 107.215820 5.052303
0.030193 117.704552 -16.569609
10.846026 111.928215 -11.444320
-12.192157 113.485649 -11.177996
18.150301 99.304939 -22.249060
-20.450031 99.589348 -19.775629
-19.174368 100.206985 -17.802084
19.226078 97.999229 -18.565241
-19.716103 99.725433 -15.535432
19.468781 97.353828 -16.050461
-19.467697 99.544907 -12.972488
-18.361563 99.730240 -10.065015
18.183619 97.365051 -12.262691
-18.170691 100.685135 -20.509523
15.777327 100.793449 -23.214956
-16.711031 102.144325 -19.942314
16.288218 101.322151 -20.990356
-18.370510 102.303505 -17.668165
17.772141 99.612556 -20.014082
18.068258 99.974442 -16.979164
-18.894375 101.927155 -14.803964
17.988733 98.976830 -14.535893
16.798843 99.790169 -11.910384
-17.136751 100.251129 -7.187272
15.682769 98.642807 -8.765846
-16.680878 100.380524 -4.817149
14.642229 98.688370 -5.714094
-16.909163 99.722488 -1.796738
-13.179104 100.383415 3.420618
13.444949 102.576523 -24.403524
-14.182173 102.409843 -21.490908
11.604670 102.875206 -21.636345
14.128738 102.261879 -21.725836
17.485218 101.888077 -18.824797
-18.275270 103.999718 -13.098212
-16.947920 102.403557 -9.793476
-15.453802 102.392876 -7.146125
13.937962 101.521492 -8.182689
-14.382957 102.374641 -4.049667
12.595059 100.024887 -2.745711
-13.920592 101.512054 -0.231854
11.287655 99.435402 1.597212
-10.903673 100.168228 6.713035
6.904160 100.611549 6.570868
-10.836813 104.331367 -23.117371
10.615262 104.316833 -24.435917
-17.275270 104.682022 -18.574417
-15.045047 104.472168 -19.699594
15.700002 103.641045 -20.169727
16.489767 104.971634 -18.602055
-18.491556 104.934914 -15.703195
17.304268 102.877174 -14.542128
15.340616 103.482628 -10.990640
-14.858399 105.016823 -7.958086
11.390701 103.185425 -5.160484
-11.912467 104.619911 -1.516509
-10.527911 103.778343 2.259549
8.021873 102.153557 3.129599
-8.293402 103.627357 5.495422
-5.423809 103.564774 7.952722
-7.628187 106.088448 -22.933899
-3.818697 107.452950 -22.969488
3.086639 107.300774 -23.008163
6.873553 106.196266 -23.646669
5.490945 105.880737 -21.379961
-17.392273 107.187637 -17.115828
-15.356288 106.864471 -18.351467
13.419225 105.573120 -18.479519
15.533184 106.965210 -17.589920
-17.662184 107.598679 -14.688151
16.503771 105.658974 -14.641199
-16.772041 106.312691 -11.067969
12.562096 106.055603 -8.859679
-12.912873 105.418945 -5.112971
9.456945 103.781761 -1.492415
4.761994 104.822510 4.298183
-1.065287 104.396790 7.981959
2.764449 103.607918 7.330515
-0.233557 107.512749 -23.637514
-1.679913 107.782623 -21.610016
1.777095 107.889153 -20.918802
-14.977130 109.256645 -16.925497
12.675371 107.893456 -17.244129
-16.297794 109.680351 -15.155261
14.995605 108.360718 -15.750615
14.358735 107.991379 -12.439468
-14.382089 109.156059 -9.637020
9.826577 107.511650 -5.930252
-10.274506 108.573341 -2.853871
-8.686771 107.346985 0.714753
6.692085 106.240837 0.473133
-5.934076 107.213737 3.627157
-2.936030 106.568222 5.668616
0.782684 106.791046 5.072167
-2.494634 111.082863 -19.320328
-0.073053 109.565933 -20.228762
-14.457905 111.443611 -15.011132
10.564552 110.875481 -15.847622
-15.687426 109.911255 -12.419029
12.909304 110.480026 -13.556948
10.916068 109.884392 -9.294288
-11.831992 109.956573 -6.844162
7.697873 108.193825 -2.789305
4.933024 110.059486 -0.962799
-4.596367 110.179306 1.440544
-0.988084 110.070007 2.215767
3.003672 108.312019 2.276849
0.092346 112.334000 -19.421097
-12.036427 112.458290 -15.205243
-13.651265 112.483604 -12.631100
10.643426 112.354515 -11.831350
-12.034501 112.820816 -9.738392
8.168193 112.459511 -7.078650
-8.781775 112.517921 -4.096374
6.007104 112.434013 -4.103198
-6.828175 111.251167 -0.977316
1.286346 111.911964 -0.116302
-3.167017 114.042435 -17.857380
2.146712 114.136421 -18.302837
-9.513056 113.692993 -15.156233
7.655916 113.866905 -15.103056
-11.240664 114.523560 -12.756768
8.365044 114.860054 -12.024499
-10.020040 114.128471 -7.657381
2.716300 114.668472 -3.430291
-3.718332 113.253830 -1.050495
0.011138 116.123032 -17.868029
-4.700413 116.478737 -16.244371
4.374692 115.752678 -15.997957
-7.660453 116.655800 -14.226985
5.984447 116.506950 -13.736327
-9.259091 116.414444 -10.858610
6.919388 115.618896 -9.025300
-7.185949 117.088226 -7.730019
4.593373 116.057953 -6.470106
-6.180398 115.500435 -4.575904
-0.996689 115.340187 -2.814679
-1.820230 117.894653 -16.253721
1.352588 117.519592 -16.483503
-3.861858 118.683861 -14.204197
-0.585495 119.214302 -13.879342
2.820155 118.137306 -14.529644
-6.486308 118.369698 -11.653596
-3.100597 119.512688 -11.639522
1.398616 119.339928 -11.684195
4.927083 117.784027 -11.292071
-4.296108 118.816589 -8.540404
-1.170650 119.396385 -9.282506
2.633956 118.416412 -8.755404
-2.990978 117.307846 -5.287393
0.669592 117.388054 -5.671702
20.123058 98.004913 -20.961962
73.786453 -9.799072 -29.091652
78.575531 -19.334595 9.455151
82.508301 -23.484024 -0.939510
67.055450 -13.401230 -11.619358
81.001587 -18.935043 -22.888544
78.504578 -4.520752 -29.336222
75.173828 -6.755524 -1.191177
80.441010 -2.505203 -37.103497
80.011612 -28.445007 -15.409279
-89.820160 -14.997269 3.031198
-89.932709 -19.004570 -12.167084
-84.042847 4.686539 -31.751074
-72.612854 -4.448387 -17.488949
-76.140869 -9.168106 -6.568651
-82.817024 -12.751099 3.813568
-78.967720 -14.687622 -16.821480
-82.246040 -7.953979 -33.214397
-89.281906 -25.760376 -7.021172
-87.779877 -11.370346 -27.151829
-82.430389 -7.435028 3.041538
-76.050140 -9.285065 -21.101345
68.259216 -17.032127 0.258717
79.495850 -10.267014 -21.221804
-82.057800 6.272278 -6.093414
