287
-73.033455 -53.324509 72.799171
-78.739677 -29.326897 11.317446
-82.377167 -33.4655 39.056507
-82.700249 -34.682823 52.824276
-73.4832 -35.769398 86.665085
-74.620201 -21.00514 -7.982916
-83.582558 -20.68746 22.673466
-82.548416 -21.100424 65.886345
-85.507225 -9.402585 45.796318
-75.181015 5.333793 76.118179
-83.127121 15.889158 21.622797
-82.234909 20.993572 47.606617
-82.036003 23.249773 -16.232578
-82.315331 29.817108 -9.795959
-83.469337 42.361549 -7.093243
-74.581032 65.364227 -16.373428
-77.59169 60.493298 -7.214707
-64.084915 -70.174751 48.459167
-66.421638 -62.578018 36.427963
-70.516182 -62.864693 54.815018
-64.996933 -41.50383 -13.089861
-68.725594 -9.855999 -35.01688
-68.257469 -14.48774 94.929955
-70.583519 33.665302 -64.362564
-78.934563 28.353592 -41.685856
-69.15152 30.914158 77.900414
-71.079117 46.813297 55.392902
-63.237122 54.547997 69.985573
-72.26786 70.368942 2.386959
-60.889862 66.615753 59.843876
-69.71225 78.235794 -6.243503
-65.518265 81.108215 -0.356393
-62.544758 76.572273 17.098068
-68.538017 69.902023 20.941231
-62.468037 75.142647 40.593994
-47.146759 -81.815163 14.885313
-48.666241 -88.132172 35.145546
-48.172852 -86.456673 56.33569
-49.283268 -79.45974 76.769997
-50.480637 -68.289551 95.276321
-48.56937 -67.171326 -3.319406
-50.471241 -54.313576 105.972183
-59.603043 11.026642 99.947701
-67.147575 52.123783 -49.590416
-55.850975 39.083412 95.436928
-54.411114 56.154305 -72.237617
-58.665066 60.994598 -59.477787
-72.685463 69.661865 -19.510254
-50.830025 62.795105 84.940231
-59.213642 86.945389 -20.191126
-59.808502 88.442467 -9.779953
-48.816017 94.236038 -11.656008
-55.891953 87.423119 1.290673
-45.054615 87.061653 50.911781
-44.796654 79.602921 70.242722
-61.614864 -40.825405 -22.251589
-50.850365 -30.362919 112.083733
-43.381233 3.324545 114.133812
-38.997116 34.627243 111.462975
-39.833591 72.100479 -76.503075
-34.573875 59.821419 101.432899
-46.846127 83.638023 -57.564945
-45.493538 94.978905 -20.821445
-34.820415 92.648628 37.838177
-36.580799 94.942383 -2.375108
-27.720619 80.085701 87.636833
-26.755033 94.750832 -69.774055
-33.84573 99.237869 -19.872433
-32.662628 97.628487 -8.217294
-24.875509 100.0839 -14.329246
-23.555237 97.023216 50.464645
-19.323629 97.183388 -80.057343
-18.308245 100.587807 -59.187893
-14.322919 103.681702 -28.14658
-19.512384 94.013123 4.179318
-16.62146 95.634621 34.676628
-17.982002 93.333672 63.984112
-5.920409 -99.393547 29.732346
-7.372306 -100.218735 62.116882
-4.293924 -83.874962 -4.658569
-4.356457 -83.800629 102.526031
-9.014815 -56.94342 122.690552
-2.676964 35.326958 121.449097
-0.750141 59.349632 109.52356
-0.834578 87.237129 83.242851
-0.987374 100.389778 -82.143547
-0.921441 103.855148 -71.375809
-1.707897 103.584305 -61.947906
1.232006 108.845932 -28.727356
-1.544649 94.267128 29.643112
-1.139065 97.871964 43.884781
-1.159293 94.04615 63.283676
13.594886 95.325363 -81.766685
16.344025 100.624207 -62.641617
17.596491 102.05619 -51.624359
13.316408 105.423019 -28.313829
10.811139 96.527657 36.081242
25.985626 -97.043701 33.956741
27.125271 -96.324425 57.869659
24.530323 -89.097672 13.017088
27.421696 -87.654396 77.820557
25.573589 -74.855743 -4.749184
30.171803 -75.988014 96.986603
32.448765 -62.994606 108.216736
42.359097 -55.641754 -21.60141
37.23484 -39.367554 115.554535
34.702446 -1.226453 115.806763
32.349739 30.93132 112.262939
29.948967 56.006973 101.801849
29.814117 75.936043 -81.299263
26.27668 76.717674 86.907135
19.520802 95.913376 -72.572861
28.307388 99.264809 -20.189695
32.179718 93.62616 -6.819317
17.732502 91.354416 5.658319
24.620468 93.73336 37.801273
18.358343 91.515915 64.036285
18.647888 96.297035 51.51564
45.739647 52.884949 -76.747078
52.226582 59.931385 -64.933395
44.297829 78.879219 -60.84222
37.950466 96.361855 -24.395952
44.540257 91.297142 -13.861972
36.802013 90.680183 -0.182645
37.955143 88.179253 51.516026
51.383495 -75.033485 34.569885
51.98098 -74.392113 54.031189
54.517235 -57.282013 3.802722
53.630379 -65.935165 19.578653
51.752308 -51.893517 -11.392426
51.560516 3.455057 100.989723
60.873558 26.286777 -68.930313
67.08493 28.160551 -52.16671
69.429062 36.041409 -33.083351
50.166061 33.227779 95.951431
63.598221 48.037304 -53.505257
58.854858 66.49852 -39.248856
71.731743 64.082855 -9.933289
48.044495 56.617485 84.905777
57.523132 83.093719 -18.454779
51.749062 83.637787 3.525522
43.03231 74.542053 69.876831
55.305775 85.807724 -7.967805
45.04866 88.509827 34.882423
56.685219 -64.511673 73.052155
66.735435 -44.561188 37.587151
67.248543 -45.932079 52.230625
60.207886 -46.58165 88.439301
68.427551 -36.380577 26.528877
58.371704 -23.47839 97.548515
63.971092 -16.323711 -29.457556
66.712608 -3.564632 76.335556
72.851463 14.63452 -39.043831
63.978889 22.436501 77.989319
71.390594 56.783443 17.58387
73.714455 44.448414 35.709412
69.93985 35.647388 58.484283
60.344193 47.227139 70.499901
70.438988 65.650665 -14.526449
69.492439 64.914917 3.690544
61.593983 66.404396 20.675026
57.33194 61.59465 62.635612
66.924431 74.677719 -5.819569
61.190083 76.815796 4.316225
56.134342 77.876076 41.422722
55.433556 69.196609 55.160561
70.156815 -32.335266 65.126167
68.732643 -27.631111 8.485351
75.298141 0.89571 23.784986
75.986588 3.478309 52.374565
78.13887 15.279005 -11.815294
82.72757 23.425127 -6.090791
82.988136 29.390667 1.185532
80.709496 45.043839 -2.515825
72.786469 61.842644 -6.642824
-78.5272445678711 -21.3708477020264 80.1111907958984
-85.6312866210938 -13.106107711792 31.1880950927734
-85.9578475952148 3.74672603607178 29.7609195709229
-81.7322692871094 -1.45365309715271 61.9339637756348
-76.09912109375 21.3748550415039 -48.8954429626465
-83.4932174682617 22.3252849578857 36.1171417236328
-75.1462936401367 25.9311656951904 66.3825073242188
-81.8412170410156 30.1032657623291 -29.7212696075439
-80.9461517333984 33.0450172424316 23.0250015258789
-77.6389465332031 34.2062759399414 43.3667907714844
-63.8969192504883 -50.5469131469727 -0.288448095321655
-69.1441040039062 -52.5187377929688 22.1170787811279
-64.8160934448242 20.1403503417969 91.3711318969727
-73.701416015625 34.1371154785156 -54.5116157531738
-73.7422256469727 39.0282897949219 -44.5200805664062
-65.5824661254883 43.607006072998 -62.7110824584961
-74.0819702148438 50.3269805908203 29.7769622802734
-68.8800811767578 78.7440414428711 -15.692084312439
-58.8259811401367 -67.4472808837891 15.1860942840576
-59.5721244812012 50.5264587402344 83.0806198120117
-59.0843467712402 70.6520767211914 -48.7929534912109
-52.5182075500488 85.0627212524414 42.8058280944824
-49.7461853027344 85.797966003418 -39.7314682006836
-45.3706016540527 92.3083572387695 -32.4611930847168
-39.7732772827148 94.1438674926758 -37.6278381347656
-32.4134368896484 -97.5271606445312 37.6397743225098
-27.93190574646 -89.7640533447266 80.9134750366211
-36.1515007019043 -77.5207595825195 -0.257303684949875
-28.9420948028564 -80.1406860351562 99.2639236450195
-30.5464687347412 -64.1521911621094 113.279434204102
-31.2037143707275 -43.5616188049316 121.470542907715
-27.741735458374 -18.5816345214844 125.054580688477
-37.8151435852051 83.8401794433594 -65.8140640258789
-37.7089653015137 87.2388763427734 61.7291450500488
-38.0723876953125 93.7708206176758 -48.9222183227539
-28.9695739746094 99.3793258666992 -32.284065246582
-26.4747295379639 -91.8893432617188 13.6931715011597
-26.5765533447266 -97.9179534912109 58.7546348571777
-24.3255672454834 12.6100091934204 124.066268920898
-23.2986717224121 46.1295127868652 114.518135070801
-23.6742820739746 97.6913757324219 -5.22432899475098
-18.6269798278809 89.5104827880859 77.8116989135742
-6.15230894088745 -95.2001266479492 79.4256439208984
-6.80374193191528 -35.5626411437988 129.159683227539
-3.56131768226624 -9.02225875854492 130.65739440918
-4.34578943252563 15.263011932373 127.632362365723
0.141681611537933 74.7985382080078 97.2936553955078
-2.94335198402405 96.1978988647461 53.2773208618164
10.7108345031738 -93.4957733154297 13.7849559783936
15.1335964202881 -100.265892028809 39.4300804138184
10.9237279891968 -97.6103973388672 65.6341552734375
9.3286304473877 -89.2070159912109 88.6073837280273
11.2742261886597 -70.8196640014648 112.297782897949
15.7380418777466 -47.7316017150879 122.273246765137
18.4769496917725 -21.5875644683838 125.73796081543
15.8017082214355 -0.714964151382446 126.295875549316
15.5507335662842 23.5061264038086 122.551635742188
13.1166553497314 49.9757308959961 113.409729003906
13.9503517150879 88.2687759399414 77.9317321777344
29.2941226959229 87.6257553100586 -67.3680572509766
31.5989322662354 85.4855194091797 63.8006477355957
25.8582229614258 101.056930541992 -31.0551948547363
23.3675498962402 94.5735549926758 -4.64822006225586
25.9957408905029 96.7859191894531 -12.4473304748535
40.5361061096191 -88.1891708374023 42.6860313415527
43.2515258789062 -78.6658935546875 74.4816284179688
42.2606506347656 -73.6752777099609 8.85867404937744
36.0608215332031 85.6175003051758 -58.5028190612793
43.4124946594238 87.7902755737305 43.9328079223633
34.3487777709961 91.7645263671875 -51.2790679931641
37.3419723510742 95.3832626342773 -39.6497611999512
48.3253479003906 -52.6148071289062 100.727783203125
52.4260482788086 41.8377685546875 -74.0605926513672
55.0280532836914 42.8780975341797 83.248908996582
50.3889198303223 64.1585311889648 72.2507858276367
48.4798469543457 79.0366897583008 -50.5536880493164
47.4908409118652 87.8964920043945 -39.3385734558105
49.673755645752 88.1352691650391 -25.617561340332
60.537540435791 -58.7218971252441 44.4379196166992
61.466007232666 -48.5541725158691 11.2436389923096
64.7605972290039 -47.5123329162598 74.8745574951172
66.2897109985352 -26.6136474609375 82.6438903808594
60.6186561584473 -3.24691915512085 89.7815933227539
57.099292755127 22.389949798584 90.4283218383789
62.2795562744141 37.3809967041016 -60.7170753479004
66.3228225708008 48.5917854309082 -41.3889541625977
65.479606628418 51.9545059204102 52.8829879760742
65.6597595214844 73.6427001953125 -20.4796810150146
72.9572067260742 -20.3833599090576 19.1428318023682
72.7657165527344 -26.8585720062256 52.957160949707
76.4023132324219 -12.6481704711914 37.4535789489746
71.4138412475586 -5.84751892089844 64.7223663330078
69.1580276489258 15.4979734420776 -53.8142471313477
77.3452301025391 16.301908493042 17.7988700866699
75.8128509521484 8.29753112792969 40.1079940795898
69.0539627075195 29.2270336151123 -41.6733894348145
78.2584533691406 24.8365726470947 34.0076446533203
73.4638900756836 29.8622760772705 48.3401985168457
69.2362670898438 21.1309013366699 66.1567916870117
79.8272247314453 32.612720489502 24.8033847808838
77.2634963989258 45.4168167114258 22.4888477325439
74.9763107299805 12.3986616134644 -27.4906635284424
-70.7776794433594 21.2885246276855 -64.5735015869141
29.2415962219238 93.8930816650391 46.8045310974121
-34.3376579284668 94.6443099975586 46.5608596801758
11.4949445724487 97.974967956543 43.7557830810547
-15.001127243042 98.1493453979492 43.6126976013184
-82.2502975463867 7.43386697769165 12.1927089691162
-81.0973434448242 29.7560501098633 14.9938859939575
73.757438659668 -24.1465854644775 38.9344024658203
74.4223480224609 -10.371187210083 53.9748687744141
80.1110229492188 29.680154800415 16.0449295043945
