471
-73.033455 -53.324509 72.799171
-78.739677 -29.326897 11.317446
-82.377167 -33.465500 39.056507
-82.700249 -34.682823 52.824276
-73.483200 -35.769398 86.665085
-74.620201 -21.005140 -7.982916
-83.582558 -20.687460 22.673466
-82.548416 -21.100424 65.886345
-85.507225 -9.402585 45.796318
-75.181015 5.333793 76.118179
-83.127121 15.889158 21.622797
-82.234909 20.993572 47.606617
-82.036003 23.249773 -16.232578
-82.315331 29.817108 -9.795959
-83.469337 42.361549 -7.093243
-74.581032 65.364227 -16.373428
-77.591690 60.493298 -7.214707
-64.084915 -70.174751 48.459167
-66.421638 -62.578018 36.427963
-70.516182 -62.864693 54.815018
-64.996933 -41.503830 -13.089861
-68.725594 -9.855999 -35.016880
-68.257469 -14.487740 94.929955
-70.583519 33.665302 -64.362564
-78.934563 28.353592 -41.685856
-69.151520 30.914158 77.900414
-71.079117 46.813297 55.392902
-63.237122 54.547997 69.985573
-72.267860 70.368942 2.386959
-60.889862 66.615753 59.843876
-69.712250 78.235794 -6.243503
-65.518265 81.108215 -0.356393
-62.544758 76.572273 17.098068
-68.538017 69.902023 20.941231
-62.468037 75.142647 40.593994
-47.146759 -81.815163 14.885313
-48.666241 -88.132172 35.145546
-48.172852 -86.456673 56.335690
-49.283268 -79.459740 76.769997
-50.480637 -68.289551 95.276321
-48.569370 -67.171326 -3.319406
-50.471241 -54.313576 105.972183
-59.603043 11.026642 99.947701
-67.147575 52.123783 -49.590416
-55.850975 39.083412 95.436928
-54.411114 56.154305 -72.237617
-58.665066 60.994598 -59.477787
-72.685463 69.661865 -19.510254
-50.830025 62.795105 84.940231
-59.213642 86.945389 -20.191126
-59.808502 88.442467 -9.779953
-48.816017 94.236038 -11.656008
-55.891953 87.423119 1.290673
-45.054615 87.061653 50.911781
-44.796654 79.602921 70.242722
-61.614864 -40.825405 -22.251589
-50.850365 -30.362919 112.083733
-43.381233 3.324545 114.133812
-38.997116 34.627243 111.462975
-39.833591 72.100479 -76.503075
-34.573875 59.821419 101.432899
-46.846127 83.638023 -57.564945
-45.493538 94.978905 -20.821445
-34.820415 92.648628 37.838177
-36.580799 94.942383 -2.375108
-27.720619 80.085701 87.636833
-26.755033 94.750832 -69.774055
-33.845730 99.237869 -19.872433
-32.662628 97.628487 -8.217294
-24.875509 100.083900 -14.329246
-23.555237 97.023216 50.464645
-19.323629 97.183388 -80.057343
-18.308245 100.587807 -59.187893
-14.322919 103.681702 -28.146580
-19.512384 94.013123 4.179318
-16.621460 95.634621 34.676628
-17.982002 93.333672 63.984112
-5.920409 -99.393547 29.732346
-7.372306 -100.218735 62.116882
-4.293924 -83.874962 -4.658569
-4.356457 -83.800629 102.526031
-9.014815 -56.943420 122.690552
-2.676964 35.326958 121.449097
-0.750141 59.349632 109.523560
-0.834578 87.237129 83.242851
-0.987374 100.389778 -82.143547
-0.921441 103.855148 -71.375809
-1.707897 103.584305 -61.947906
1.232006 108.845932 -28.727356
-1.544649 94.267128 29.643112
-1.139065 97.871964 43.884781
-1.159293 94.046150 63.283676
13.594886 95.325363 -81.766685
16.344025 100.624207 -62.641617
17.596491 102.056190 -51.624359
13.316408 105.423019 -28.313829
10.811139 96.527657 36.081242
25.985626 -97.043701 33.956741
27.125271 -96.324425 57.869659
24.530323 -89.097672 13.017088
27.421696 -87.654396 77.820557
25.573589 -74.855743 -4.749184
30.171803 -75.988014 96.986603
32.448765 -62.994606 108.216736
42.359097 -55.641754 -21.601410
37.234840 -39.367554 115.554535
34.702446 -1.226453 115.806763
32.349739 30.931320 112.262939
29.948967 56.006973 101.801849
29.814117 75.936043 -81.299263
26.276680 76.717674 86.907135
19.520802 95.913376 -72.572861
28.307388 99.264809 -20.189695
32.179718 93.626160 -6.819317
17.732502 91.354416 5.658319
24.620468 93.733360 37.801273
18.358343 91.515915 64.036285
18.647888 96.297035 51.515640
45.739647 52.884949 -76.747078
52.226582 59.931385 -64.933395
44.297829 78.879219 -60.842220
37.950466 96.361855 -24.395952
44.540257 91.297142 -13.861972
36.802013 90.680183 -0.182645
37.955143 88.179253 51.516026
51.383495 -75.033485 34.569885
51.980980 -74.392113 54.031189
54.517235 -57.282013 3.802722
53.630379 -65.935165 19.578653
51.752308 -51.893517 -11.392426
51.560516 3.455057 100.989723
60.873558 26.286777 -68.930313
67.084930 28.160551 -52.166710
69.429062 36.041409 -33.083351
50.166061 33.227779 95.951431
63.598221 48.037304 -53.505257
58.854858 66.498520 -39.248856
71.731743 64.082855 -9.933289
48.044495 56.617485 84.905777
57.523132 83.093719 -18.454779
51.749062 83.637787 3.525522
43.032310 74.542053 69.876831
55.305775 85.807724 -7.967805
45.048660 88.509827 34.882423
56.685219 -64.511673 73.052155
66.735435 -44.561188 37.587151
67.248543 -45.932079 52.230625
60.207886 -46.581650 88.439301
68.427551 -36.380577 26.528877
58.371704 -23.478390 97.548515
63.971092 -16.323711 -29.457556
66.712608 -3.564632 76.335556
72.851463 14.634520 -39.043831
63.978889 22.436501 77.989319
71.390594 56.783443 17.583870
73.714455 44.448414 35.709412
69.939850 35.647388 58.484283
60.344193 47.227139 70.499901
70.438988 65.650665 -14.526449
69.492439 64.914917 3.690544
61.593983 66.404396 20.675026
57.331940 61.594650 62.635612
66.924431 74.677719 -5.819569
61.190083 76.815796 4.316225
56.134342 77.876076 41.422722
55.433556 69.196609 55.160561
70.156815 -32.335266 65.126167
68.732643 -27.631111 8.485351
75.298141 0.895710 23.784986
75.986588 3.478309 52.374565
78.138870 15.279005 -11.815294
82.727570 23.425127 -6.090791
82.988136 29.390667 1.185532
80.709496 45.043839 -2.515825
72.786469 61.842644 -6.642824
-78.527245 -21.370848 80.111191
-85.631287 -13.106108 31.188095
-85.957848 3.746726 29.760920
-81.732269 -1.453653 61.933964
-76.099121 21.374855 -48.895443
-83.493217 22.325285 36.117142
-75.146294 25.931166 66.382507
-81.841217 30.103266 -29.721270
-80.946152 33.045017 23.025002
-77.638947 34.206276 43.366791
-63.896919 -50.546913 -0.288448
-69.144104 -52.518738 22.117079
-64.816093 20.140350 91.371132
-73.701416 34.137115 -54.511616
-73.742226 39.028290 -44.520081
-65.582466 43.607006 -62.711082
-74.081970 50.326981 29.776962
-68.880081 78.744041 -15.692084
-58.825981 -67.447281 15.186094
-59.572124 50.526459 83.080620
-59.084347 70.652077 -48.792953
-52.518208 85.062721 42.805828
-49.746185 85.797966 -39.731468
-45.370602 92.308357 -32.461193
-39.773277 94.143867 -37.627838
-32.413437 -97.527161 37.639774
-27.931906 -89.764053 80.913475
-36.151501 -77.520760 -0.257304
-28.942095 -80.140686 99.263924
-30.546469 -64.152191 113.279434
-31.203714 -43.561619 121.470543
-27.741735 -18.581635 125.054581
-37.815144 83.840179 -65.814064
-37.708965 87.238876 61.729145
-38.072388 93.770821 -48.922218
-28.969574 99.379326 -32.284065
-26.474730 -91.889343 13.693172
-26.576553 -97.917953 58.754635
-24.325567 12.610009 124.066269
-23.298672 46.129513 114.518135
-23.674282 97.691376 -5.224329
-18.626980 89.510483 77.811699
-6.152309 -95.200127 79.425644
-6.803742 -35.562641 129.159683
-3.561318 -9.022259 130.657394
-4.345789 15.263012 127.632362
0.141682 74.798538 97.293655
-2.943352 96.197899 53.277321
10.710835 -93.495773 13.784956
15.133596 -100.265892 39.430080
10.923728 -97.610397 65.634155
9.328630 -89.207016 88.607384
11.274226 -70.819664 112.297783
15.738042 -47.731602 122.273247
18.476950 -21.587564 125.737961
15.801708 -0.714964 126.295876
15.550734 23.506126 122.551636
13.116655 49.975731 113.409729
13.950352 88.268776 77.931732
29.294123 87.625755 -67.368057
31.598932 85.485519 63.800648
25.858223 101.056931 -31.055195
23.367550 94.573555 -4.648220
25.995741 96.785919 -12.447330
40.536106 -88.189171 42.686031
43.251526 -78.665894 74.481628
42.260651 -73.675278 8.858674
36.060822 85.617500 -58.502819
43.412495 87.790276 43.932808
34.348778 91.764526 -51.279068
37.341972 95.383263 -39.649761
48.325348 -52.614807 100.727783
52.426048 41.837769 -74.060593
55.028053 42.878098 83.248909
50.388920 64.158531 72.250786
48.479847 79.036690 -50.553688
47.490841 87.896492 -39.338573
49.673756 88.135269 -25.617561
60.537540 -58.721897 44.437920
61.466007 -48.554173 11.243639
64.760597 -47.512333 74.874557
66.289711 -26.613647 82.643890
60.618656 -3.246919 89.781593
57.099293 22.389950 90.428322
62.279556 37.380997 -60.717075
66.322823 48.591785 -41.388954
65.479607 51.954506 52.882988
65.659760 73.642700 -20.479681
72.957207 -20.383360 19.142832
72.765717 -26.858572 52.957161
76.402313 -12.648170 37.453579
71.413841 -5.847519 64.722366
69.158028 15.497973 -53.814247
77.345230 16.301908 17.798870
75.812851 8.297531 40.107994
69.053963 29.227034 -41.673389
78.258453 24.836573 34.007645
73.463890 29.862276 48.340199
69.236267 21.130901 66.156792
79.827225 32.612720 24.803385
77.263496 45.416817 22.488848
74.976311 12.398662 -27.490664
-70.777679 21.288525 -64.573502
29.241596 93.893082 46.804531
-34.337658 94.644310 46.560860
11.494945 97.974968 43.755783
-15.001127 98.149345 43.612698
-82.250298 7.433867 12.192709
-81.097343 29.756050 14.993886
73.757439 -24.146585 38.934402
74.422348 -10.371187 53.974869
80.111023 29.680155 16.044930
0.652993 105.439255 -23.338345
18.801767 96.594711 -18.753948
-17.599104 98.974869 -18.137554
10.520788 101.236954 -21.725731
0.362764 116.986328 -9.848851
-10.322659 102.290085 -20.601477
9.323699 101.400932 -0.897294
-9.959938 104.646873 -1.937469
-0.064705 106.260338 5.322882
0.770659 113.644638 -17.653055
10.639580 109.170135 -10.388216
-11.249356 111.006638 -9.788869
18.063492 97.453812 -21.659208
-17.599104 98.974869 -18.137554
-17.599133 99.191383 -17.210915
19.385326 96.067818 -17.491873
-18.528748 98.595795 -14.583849
19.405432 95.771790 -15.010667
-18.438232 98.537117 -12.398109
-17.414017 98.842545 -10.212449
18.611784 94.995010 -11.178522
-16.279100 99.576927 -19.967072
15.802292 98.963478 -23.123938
-15.307345 100.252548 -20.040165
16.322649 98.232872 -21.482510
-17.074686 99.615677 -17.901289
18.046030 97.132072 -19.725319
18.799145 96.517838 -16.169294
-18.144897 99.159538 -14.228949
18.573757 96.144234 -13.610612
17.403191 96.616402 -11.100252
-16.244331 99.007507 -7.095987
16.121138 95.791199 -7.373262
-15.599614 99.111847 -5.323408
14.728555 96.092575 -5.191427
-15.322301 98.369530 -1.331448
-11.258946 99.027580 3.948112
13.235498 100.299507 -23.636936
-12.940711 100.973328 -22.119486
11.199456 100.930550 -22.065166
14.096633 99.497276 -22.543007
17.730492 97.530327 -18.886339
-17.512226 101.137589 -12.783551
-16.781342 100.661186 -9.988711
-14.959753 100.731476 -6.780282
14.595128 98.093864 -7.410359
-13.734744 100.644287 -4.242777
12.975754 97.139732 -2.643065
-12.228552 100.387482 -0.457865
11.262900 96.973587 1.770388
-9.126475 99.496590 7.124819
7.337647 98.778198 6.534262
-9.714460 102.939026 -23.034754
10.308847 102.238991 -24.349037
-15.164827 100.860909 -19.424707
-13.268679 100.828590 -21.046762
15.458830 98.966705 -20.722553
16.542545 100.211555 -19.014439
-17.239141 101.847603 -15.726563
17.866581 99.402267 -14.167811
16.205122 100.089592 -10.267966
-14.749686 102.892235 -7.851490
11.928391 99.879272 -4.390614
-11.006854 102.842209 -1.812951
-9.044160 102.752548 2.256471
8.481375 99.482086 3.162738
-6.914158 102.622498 6.148190
-3.545393 103.313362 7.895144
-6.844638 104.320709 -22.440397
-2.509849 105.470436 -21.751139
3.120206 105.126183 -22.644566
6.466324 104.018501 -23.057789
5.151376 104.316734 -21.280708
-15.939795 103.374229 -17.590548
-13.783978 102.674591 -19.078184
12.956631 101.376686 -19.062126
16.124416 102.218712 -18.028616
-17.020594 104.392647 -14.850441
17.346830 102.035309 -14.701795
-16.301239 103.689026 -10.705803
13.237362 102.817802 -8.226485
-12.214955 103.544090 -5.328836
9.962536 100.496490 -1.110407
5.904121 102.764847 3.865726
0.273382 103.509109 7.969298
3.642905 102.206871 7.474190
0.107033 105.537331 -22.574417
-1.271844 105.679672 -22.062778
1.794548 105.991699 -21.833828
-13.953214 105.615295 -16.866755
13.324198 103.047691 -16.273287
-15.747957 106.933647 -14.910866
15.611538 104.756088 -15.369815
15.249357 104.597618 -11.777358
-13.488552 106.792793 -9.119397
10.183531 103.943848 -5.267241
-9.430294 106.818680 -3.104820
-7.542826 106.387154 0.745433
7.728877 102.908241 0.415754
-4.485003 106.487320 4.253685
-0.949792 106.038597 5.677584
2.717912 105.491577 4.947101
-2.029695 107.776833 -20.337349
0.191290 106.232346 -21.964823
-13.714198 108.593460 -14.617600
10.857013 106.973335 -14.493546
-15.337133 107.585381 -12.178297
13.509206 106.922714 -12.632048
10.736401 106.648964 -8.305430
-11.071424 107.459923 -6.405373
8.410043 104.742271 -2.375762
6.057950 107.314034 -0.846961
-3.298359 109.602631 1.451155
0.728547 108.921623 2.306637
4.369100 106.325562 2.440686
0.208566 108.893143 -20.481339
-11.322552 110.241829 -14.901738
-12.790990 110.194824 -11.777065
10.453490 109.493317 -10.432247
-11.111566 110.348991 -8.512887
8.554031 109.324371 -6.355708
-7.774324 111.183846 -3.984201
7.233060 109.391602 -4.246550
-5.780173 109.838333 -0.529437
2.657962 110.006996 0.304379
-2.709496 110.765907 -18.836849
2.333937 110.368149 -19.206335
-8.787934 110.617317 -14.703156
8.126109 110.641792 -14.520337
-10.709051 112.110817 -11.805113
8.730332 111.750755 -11.760637
-9.310048 112.080734 -6.961874
4.224541 112.471657 -3.636938
-2.070348 112.035820 -0.940881
0.285101 112.197655 -18.841711
-4.073718 112.921898 -16.528391
4.405340 112.203407 -16.290720
-6.613525 113.702705 -14.024103
6.310246 113.573639 -13.763275
-8.605070 114.133026 -10.392812
7.766508 112.621696 -8.565763
-5.729651 115.460487 -7.425102
6.069376 113.351105 -6.719773
-4.769046 114.327965 -4.625134
0.222397 113.547874 -2.669172
-1.268415 114.349937 -17.005999
2.175335 113.842812 -17.266411
-2.776163 115.604179 -15.161443
0.666468 115.739037 -14.883061
3.734773 114.804016 -15.005174
-5.235048 116.239357 -11.686904
-1.869023 117.063911 -12.164531
3.106121 116.275620 -12.421033
5.784781 114.685211 -11.552256
-2.476826 117.056267 -8.980844
0.906373 116.957542 -10.274079
4.298663 115.583710 -9.084579
-1.519301 115.740677 -5.836717
2.120727 115.519089 -6.474037
19.271967 96.368858 -19.258003
73.786453 -9.799072 -29.091652
78.575531 -19.334595 9.455151
82.508301 -23.484024 -0.939510
67.055450 -13.401230 -11.619358
81.001587 -18.935043 -22.888544
78.504578 -4.520752 -29.336222
75.173828 -6.755524 -1.191177
80.441010 -2.505203 -37.103497
80.011612 -28.445007 -15.409279
-89.820160 -14.997269 3.031198
-89.932709 -19.004570 -12.167084
-84.042847 4.686539 -31.751074
-72.612854 -4.448387 -17.488949
-76.140869 -9.168106 -6.568651
-82.817024 -12.751099 3.813568
-78.967720 -14.687622 -16.821480
-82.246040 -7.953979 -33.214397
-89.281906 -25.760376 -7.021172
-87.779877 -11.370346 -27.151829
-82.430389 -7.435028 3.041538
-76.050140 -9.285065 -21.101345
68.259216 -17.032127 0.258717
79.495850 -10.267014 -21.221804
-82.057800 6.272278 -6.093414
