-0.642134 82.926598 27.599783
-0.240446 87.085571 -24.126209
0.158391 86.396881 -31.255236
-0.230877 84.992218 -62.670704
0.531837 83.24054 -76.342506
0.948902 82.123718 -85.50119
-1.065859 83.736961 37.378201
-0.924922 83.398651 47.536469
-1.014149 70.121407 85.108948
1.405882 11.391731 115.644592
1.905019 -7.371826 117.136322
-1.814857 -77.525726 66.453041
-1.523649 -77.466553 3.417725
0.18962 -56.268524 -15.637848
0.203643 -37.777863 -25.98703
4.533297 80.925323 23.681101
-5.635148 81.250702 23.495682
43.75481 72.213043 4.837872
-46.293671 73.644821 3.901155
24.38019 78.867653 39.499588
-25.296463 79.805992 39.502361
22.69874 79.649925 49.98243
-24.388628 80.585754 49.350052
25.326277 77.187294 1.797627
-27.619406 78.225365 0.883951
47.712116 68.176666 14.184267
-49.33007 70.090164 13.202237
47.637051 68.5914 24.857159
-49.176094 70.71991 23.145641
54.338482 57.956879 17.7733
-56.653534 60.795017 17.115536
63.062775 39.091412 -0.40198
-65.53994 39.782211 -2.601625
47.118435 65.919891 -18.415371
-47.725399 68.371277 -19.784946
55.941006 56.620861 5.676813
-57.56102 59.852085 5.122989
29.651463 65.842918 -30.62907
-32.2258 63.083313 -30.95742
56.693424 54.065948 -12.699792
-58.675819 56.161388 -13.83602
25.839172 75.012878 -8.695621
-28.122404 75.904877 -8.782507
12.685167 83.965302 -6.749906
-13.377809 83.999153 -7.922208
10.935214 81.003174 -19.998531
-11.343535 81.069153 -20.959969
46.672409 59.588917 61.745514
-48.596916 63.115055 59.971642
44.751919 66.900421 43.675125
-46.7855 68.595467 43.417294
60.90229 3.328514 1.958897
-63.440704 6.000727 0.772888
67.347778 -16.333389 11.539709
-69.516716 -11.906582 7.25385
49.81942 -49.107014 4.062442
-55.165272 -44.055771 3.747065
51.359604 -8.887053 -26.361725
-54.073601 -7.669094 -28.488459
46.799046 46.288715 -15.141001
-48.735355 46.141205 -17.189354
48.67067 30.016632 -20.169174
-50.775772 29.549469 -20.658009
47.214645 17.777046 -60.740177
-48.161331 17.926079 -60.841927
58.48645 14.837082 -10.846746
-61.147949 16.966959 -11.978846
50.49102 13.762463 -33.579994
-51.763924 15.813999 -36.749863
42.520428 44.179539 -38.258781
-43.465668 45.271336 -41.334019
38.131966 50.78347 -75.157974
-36.023438 54.36026 -76.684898
50.285919 40.650723 30.934608
-52.719921 43.374622 28.706028
55.47525 18.297232 85.02948
-55.805878 25.196171 86.944069
21.972954 72.340645 -72.555161
-23.085411 70.954674 -73.667221
15.893097 77.030609 -85.431091
-14.644649 77.600159 -85.405586
65.69482421875 -29.5515632629395 24.4192695617676
64.6725692749023 -35.4834213256836 35.7724380493164
65.6412048339844 -36.134033203125 49.6100730895996
68.1279830932617 -24.5877170562744 64.9883422851562
62.7590866088867 -0.964734733104706 79.7906875610352
51.0955772399902 44.875373840332 74.6866683959961
36.0631408691406 67.0148162841797 70.6304244995117
39.1700859069824 49.6106376647949 86.3616561889648
41.4156646728516 26.6079597473145 97.0821380615234
46.0467948913574 2.96373438835144 98.8463668823242
52.8116264343262 -17.1898632049561 94.7549896240234
57.4918327331543 -37.3306655883789 85.4223937988281
56.5244026184082 -51.2686958312988 69.7714385986328
54.0702972412109 -57.134449005127 50.9581832885742
49.8778915405273 -59.6375045776367 28.5403823852539
43.584644317627 -43.1952972412109 -12.0476236343384
21.6608753204346 63.3521194458008 87.1106796264648
23.9363746643066 43.5617904663086 100.080680847168
25.81520652771 21.9370899200439 107.545738220215
27.5935974121094 -2.86130142211914 110.165306091309
29.0917873382568 -26.1123027801514 108.237319946289
30.8116130828857 -44.2364196777344 101.864700317383
31.7761383056641 -58.2160797119141 91.0382385253906
32.6369438171387 -68.5538864135742 73.2416915893555
32.2455215454102 -74.2346420288086 55.6339988708496
30.3191337585449 -76.0981826782227 34.7243118286133
31.1453189849854 -72.4576568603516 15.6759452819824
32.4764595031738 -61.2159538269043 -3.58975315093994
34.2904853820801 -31.9754409790039 -21.9775505065918
33.2026519775391 74.4454650878906 50.6819152832031
-53.6027374267578 47.2384300231934 74.9024124145508
-64.3478698730469 3.84266138076782 82.6574249267578
-71.7057266235352 -17.5914268493652 70.6035003662109
-71.2060699462891 -29.4371604919434 55.0334777832031
-69.8070297241211 -29.8660545349121 37.8036727905273
-71.1157455444336 -18.2329139709473 22.4719142913818
-34.9272232055664 71.740852355957 68.7887649536133
-36.7217597961426 57.3608283996582 85.5500640869141
-39.9589920043945 38.2270355224609 95.8856506347656
-45.7297134399414 13.6137361526489 100.26628112793
-54.1879768371582 -9.32580852508545 96.906364440918
-61.6287879943848 -28.4639377593994 88.5857620239258
-62.4693222045898 -44.8948745727539 74.2842559814453
-61.5361022949219 -51.1386222839355 54.4714202880859
-59.1070289611816 -50.1790008544922 28.0827693939209
-21.4927940368652 67.0681533813477 85.2048034667969
-23.2233924865723 48.6793365478516 99.0299911499023
-25.6637649536133 27.5766048431396 107.503700256348
-28.2735176086426 4.5026650428772 111.647811889648
-33.307243347168 -18.9302139282227 109.788116455078
-36.8626365661621 -38.0089683532715 103.681671142578
-39.6842460632324 -54.0389823913574 91.9241027832031
-41.2153701782227 -64.5896453857422 74.7563400268555
-41.1760940551758 -70.4109649658203 55.9960517883301
-38.829662322998 -72.0362548828125 35.3047027587891
-38.1250419616699 -68.5593948364258 16.6034145355225
-37.8264007568359 -57.1028099060059 -4.88237428665161
-37.4769630432129 -28.9389457702637 -23.3767070770264
-35.2420349121094 76.2228546142578 48.1801528930664
-1.69355642795563 -81.8323211669922 30.5679130554199
-1.65361642837524 -80.3951568603516 55.4861640930176
-2.04321837425232 -61.2973251342773 94.7025299072266
-1.70911169052124 -30.2685470581055 114.68692779541
0.0113297402858734 42.6557121276855 106.341178894043
-0.454417377710342 79.9969100952148 65.6482543945312
23.3223114013672 77.0236434936523 63.5318374633789
-22.7169532775879 78.7275161743164 62.6564598083496
-65.3980712890625 18.0574703216553 23.4552574157715
65.0972137451172 6.68524646759033 22.6549472808838
-63.7567481994629 -16.5687694549561 -9.60432147979736
61.3189086914062 -22.5757102966309 -6.22303295135498
67.6547775268555 6.27269172668457 54.2219123840332
-65.6228942871094 24.6777458190918 51.865894317627
-46.6594619750977 -40.9195556640625 -12.7762107849121
40.4330978393555 41.2395133972168 9.64982795715332
-45.1827278137207 44.0332107543945 14.4885673522949
45.0322914123535 64.0055847167969 53.9873008728027
-46.847484588623 67.5069198608398 50.357852935791
-53.4953918457031 52.0607032775879 45.0428466796875
54.1376075744629 43.8387336730957 53.2197303771973
59.8298721313477 25.1116638183594 29.5006351470947
53.3759231567383 25.7017402648926 9.75890827178955
-55.663143157959 28.5743885040283 9.78400039672852
-59.0400009155273 34.550651550293 29.3664779663086
25.1755485534668 70.3332214355469 -29.4745807647705
28.5303573608398 67.5871658325195 -36.9780006408691
11.5264949798584 82.4330825805664 -31.9014263153076
-13.1029071807861 82.9033126831055 -33.1179428100586
-18.6839599609375 76.9299621582031 -25.3058242797852
-28.90647315979 70.0906677246094 -23.0197887420654
-38.4064331054688 66.1448593139648 -22.4677906036377
-23.4989185333252 72.0236740112305 -56.4412040710449
-20.9049777984619 76.0262069702148 -52.2264709472656
-17.3268756866455 81.9499359130859 -51.976203918457
-13.3855295181274 82.6483612060547 -63.0687294006348
-7.35648822784424 87.236701965332 -56.8879470825195
-6.48544359207153 83.420051574707 -64.5727386474609
7.83759689331055 83.3066482543945 -64.3391494750977
5.39070463180542 87.2076034545898 -57.0286445617676
10.9670419692993 86.0794677734375 -51.8274803161621
17.0461597442627 81.7868957519531 -52.911262512207
15.5880374908447 80.9191131591797 -63.0967292785645
14.4296960830688 84.8650131225586 -55.7490348815918
20.26003074646 76.2519073486328 -60.9798736572266
26.1313457489014 67.7392807006836 -61.976921081543
30.5285377502441 56.1800384521484 -52.5861129760742
30.9979019165039 50.255298614502 -41.9396858215332
37.564811706543 48.115795135498 -49.5010681152344
34.7257232666016 55.8697509765625 -59.3773384094238
-42.559139251709 44.663516998291 -58.6538619995117
-32.7260627746582 59.0448951721191 -60.666259765625
-30.2253761291504 58.8648567199707 -55.3688888549805
-38.8821334838867 48.7217483520508 -49.030330657959
-46.9161987304688 45.0668182373047 -27.5922756195068
28.894775390625 56.5657615661621 -48.5013313293457
30.7083797454834 44.6019592285156 -44.2354278564453
9.27540016174316 82.0060653686523 35.8417701721191
-11.4695768356323 81.8609390258789 34.6433868408203
47.6813812255859 69.4301071166992 -5.91014814376831
-49.6607284545898 71.0308456420898 -6.67531728744507
37.2936668395996 70.707763671875 -13.8400812149048
-42.1892127990723 72.3504104614258 -12.7333765029907
54.967945098877 61.0942802429199 -3.24790835380554
-56.8400726318359 63.1652450561523 -3.75643849372864
46.2313346862793 32.9117202758789 -49.1840171813965
-48.6327934265137 30.6871700286865 -48.6960983276367
-53.8692512512207 66.7657852172852 15.2910413742065
54.4352569580078 59.5198822021484 10.8469934463501
64.0978851318359 31.7649230957031 -0.13409161567688
58.0338134765625 53.3294677734375 -3.16167235374451
-61.0070724487305 53.3338050842285 -2.88988137245178
-65.7647247314453 24.0267295837402 -1.08765137195587
-0.396622329950333 84.7790145874023 17.9725704193115
51.6981506347656 64.6131439208984 17.2438049316406
51.1882858276367 63.4076309204102 27.805456161499
-52.4171028137207 68.3220901489258 27.3265171051025
-56.449146270752 61.9490928649902 9.86161708831787
37.7081527709961 75.5380020141602 36.5358581542969
-38.2769317626953 76.7333068847656 34.4113121032715
48.1895561218262 31.0364761352539 -30.285530090332
43.7303771972656 36.0136642456055 -66.4673004150391
-50.4671936035156 30.2627620697021 -32.086009979248
-44.8367691040039 33.490966796875 -66.9451675415039
-42.6596717834473 56.1059532165527 14.3907279968262
-46.5566024780273 60.5991172790527 26.7183475494385
43.1300849914551 56.453685760498 29.5857944488525
39.2294883728027 54.2680816650391 12.1024618148804
19.4219455718994 76.2832336425781 -16.6710548400879
-19.5919609069824 77.1411437988281 -18.2904663085938
-53.6308937072754 22.7083702087402 -26.2567100524902
52.573616027832 18.3863906860352 -24.2827301025391
