287
-73.700745 -53.811722 72.799171
-78.636917 -29.288624 11.317446
-83.279755 -33.832172 39.056507
-83.531113 -35.031265 52.824276
-74.167229 -36.102364 86.665085
-75.57 -21.272501 -7.982916
-84.592949 -20.93754 22.673466
-83.951118 -21.458971 65.886345
-87.84259 -9.659388 45.796318
-76.84272 5.451684 76.118179
-85.034424 16.253725 21.622797
-83.906067 21.420198 47.606617
-83.985497 23.802277 -16.232578
-84.250275 30.518005 -9.795959
-83.897041 42.578613 -7.093243
-76.503304 67.04895 -16.373428
-79.088341 61.660141 -7.214707
-65.325966 -71.533737 48.459167
-67.956467 -64.024033 36.427963
-70.954712 -63.255638 54.815018
-66.220856 -42.285366 -13.089861
-69.636002 -9.986562 -35.01688
-68.446129 -14.527784 94.929955
-70.850822 33.792793 -64.362564
-79.587715 28.588209 -41.685856
-69.519173 31.078514 77.900414
-72.982994 48.067211 55.392902
-63.881348 55.103703 69.985573
-73.20723 71.28363 2.386959
-61.180115 66.933311 59.843876
-70.477203 79.094284 -6.243503
-66.009583 81.716438 -0.356393
-62.83654 76.929497 17.098068
-69.211372 70.588783 20.941231
-63.187508 76.008102 40.593994
-47.495567 -82.420464 14.885313
-48.832817 -88.433838 35.145546
-48.692966 -87.390129 56.33569
-49.883396 -80.42733 76.769997
-51.009754 -69.005333 95.276321
-49.876602 -68.979225 -3.319406
-51.147743 -55.041588 105.972183
-59.301186 10.970798 99.947701
-70.685318 54.869984 -49.590416
-55.793457 39.043159 95.436928
-55.990421 57.784206 -72.237617
-61.319309 63.754238 -59.477787
-74.161926 71.076904 -19.510254
-50.927078 62.915009 84.940231
-60.588345 88.963913 -20.191126
-60.481236 89.437279 -9.779953
-49.32468 95.217972 -11.656008
-56.054096 87.676735 1.290673
-45.267635 87.473289 50.911781
-44.987942 79.942833 70.242722
-62.523888 -41.427715 -22.251589
-50.661324 -30.250046 112.083733
-44.658035 3.422393 114.133812
-39.127113 34.742672 111.462975
-40.66605 73.607262 -76.503075
-34.698307 60.03672 101.432899
-45.69437 81.581703 -57.564945
-46.371254 96.811348 -20.821445
-35.446491 94.314468 37.838177
-36.418648 94.521545 -2.375108
-27.763052 80.208298 87.636833
-26.4231 93.57531 -69.774055
-33.853622 99.261009 -19.872433
-32.524246 97.214874 -8.217294
-24.572674 98.865471 -14.329246
-23.669849 97.4953 50.464645
-19.369785 97.41552 -80.057343
-18.34454 100.787209 -59.187893
-14.569489 105.466591 -28.14658
-19.821659 95.503242 4.179318
-16.713869 96.166328 34.676628
-18.195238 94.440453 63.984112
-5.955979 -99.990715 29.732346
-7.417117 -100.827888 62.116882
-4.305367 -84.098465 -4.658569
-4.370796 -84.076447 102.526031
-9.072131 -57.305466 122.690552
-2.776892 36.64566 121.449097
-0.751708 59.47364 109.52356
-0.838416 87.638283 83.242851
-0.999493 101.621941 -82.143547
-0.924027 104.146599 -71.375809
-1.700281 103.122345 -61.947906
1.235499 109.154549 -28.727356
-1.555619 94.936646 29.643112
-1.146612 98.520409 43.884781
-1.172956 95.15451 63.283676
13.708804 96.124138 -81.766685
16.1954 99.709167 -62.641617
17.585636 101.993233 -51.624359
13.3083 105.358826 -28.313829
10.830647 96.701836 36.081242
25.934959 -96.854485 33.956741
27.017113 -95.940346 57.869659
24.677692 -89.632935 13.017088
27.893026 -89.161026 77.820557
26.541752 -77.689629 -4.749184
30.540699 -76.917099 96.986603
32.661896 -63.408371 108.216736
43.049522 -56.548679 -21.60141
36.59008 -38.68586 115.554535
35.171181 -1.243019 115.806763
32.68029 31.247379 112.262939
30.161091 56.403664 101.801849
30.474689 77.618515 -81.299263
26.368132 76.984673 86.907135
19.293367 94.795906 -72.572861
27.73081 97.242935 -20.189695
32.122513 93.459724 -6.819317
17.898184 92.207977 5.658319
24.850048 94.607391 37.801273
18.591942 92.680397 64.036285
18.722372 96.681671 51.51564
47.24567 54.626244 -76.747078
53.092594 60.925156 -64.933395
43.539848 77.52951 -60.84222
37.875252 96.170876 -24.395952
45.455177 93.172516 -13.861972
36.896328 90.912575 -0.182645
37.847874 87.930038 51.516026
51.534176 -75.253517 34.569885
52.432991 -75.039001 54.031189
54.622799 -57.392929 3.802722
54.077286 -66.484612 19.578653
52.162441 -52.304768 -11.392426
51.630333 3.459735 100.989723
61.829445 26.699558 -68.930313
69.419006 29.140337 -52.16671
72.935051 37.861404 -33.083351
50.181419 33.237953 95.951431
64.861641 48.991596 -53.505257
60.996235 68.918007 -39.248856
72.320709 64.609024 -9.933289
48.149475 56.741196 84.905777
58.620102 84.678322 -18.454779
52.026974 84.086952 3.525522
43.190937 74.816833 69.876831
55.923405 86.765984 -7.967805
45.415466 89.230507 34.882423
57.058647 -64.936661 73.052155
67.11245 -44.812935 37.587151
67.714027 -46.250015 52.230625
60.628555 -46.907112 88.439301
69.181602 -36.781479 26.528877
58.346779 -23.468369 97.548515
63.956299 -16.319937 -29.457556
67.898262 -3.627985 76.335556
74.230461 14.911534 -39.043831
63.68306 22.332756 77.989319
70.184578 55.824184 17.58387
72.794342 43.893604 35.709412
70.308777 35.835426 58.484283
60.741333 47.537956 70.499901
71.2267 66.384834 -14.526449
69.346245 64.778351 3.690544
61.87664 66.709129 20.675026
57.440933 61.711754 62.635612
66.74675 74.479454 -5.819569
60.744061 76.255875 4.316225
55.859207 77.494377 41.422722
55.627304 69.438461 55.160561
70.780281 -32.62262 65.126167
70.738533 -28.437496 8.485351
77.492378 0.921811 23.784986
76.127411 3.484755 52.374565
79.556274 15.55616 -11.815294
81.465141 23.067657 -6.090791
82.744469 29.304369 1.185532
79.860359 44.569935 -2.515825
73.232361 62.221497 -6.642824
-78.9674682617188 -21.6113109588623 79.8646697998047
-87.6321792602539 -13.3664855957031 31.1176128387451
-87.6190643310547 3.77862048149109 29.7199096679688
-84.5142669677734 -1.38907432556152 62.2163200378418
-77.6770858764648 21.2806911468506 -49.2706718444824
-84.404914855957 22.6695537567139 36.1536331176758
-77.0739898681641 26.5321655273438 66.6428070068359
-82.1257705688477 30.52490234375 -29.6301441192627
-82.7375640869141 33.6943435668945 23.1175880432129
-80.1592102050781 35.4169425964355 43.5891914367676
-64.9381637573242 -51.5964126586914 -0.286266028881073
-69.93310546875 -53.4080238342285 22.1468524932861
-64.2142181396484 20.01904296875 90.872917175293
-74.7335586547852 34.7239532470703 -54.5690994262695
-76.3687896728516 40.6424903869629 -44.8056221008301
-68.3824462890625 45.5892028808594 -63.1936683654785
-76.4530487060547 51.619514465332 30.0186462402344
-69.9287948608398 80.0146865844727 -15.6598148345947
-59.9728164672852 -68.7679290771484 15.1255207061768
-59.5098304748535 50.5983963012695 82.9239196777344
-60.5789031982422 71.9919204711914 -48.7104110717773
-53.0762329101562 86.0031585693359 42.9288101196289
-50.6801452636719 86.5715484619141 -39.8754463195801
-46.002067565918 93.1775207519531 -32.4478187561035
-39.8608131408691 94.1356811523438 -37.5414085388184
-32.1495323181152 -96.7034454345703 37.7755928039551
-28.5274696350098 -91.3436431884766 81.2888107299805
-37.3920288085938 -79.609748840332 -1.09663617610931
-29.3397045135498 -80.9814834594727 99.3451156616211
-30.9663982391357 -64.780158996582 113.455368041992
-31.598295211792 -43.816463470459 121.848281860352
-28.4917507171631 -18.4139957427979 125.819885253906
-37.8389587402344 83.3516693115234 -66.087043762207
-38.0628433227539 87.9478912353516 61.8037147521973
-37.2748756408691 92.031623840332 -48.6480865478516
-29.0501327514648 99.9568710327148 -32.2497863769531
-26.6267910003662 -91.8575744628906 13.7478942871094
-26.5818729400635 -97.8590850830078 58.7732276916504
-24.923210144043 13.0524578094482 124.051826477051
-23.2964401245117 46.3949356079102 114.120620727539
-23.6438446044922 97.8978881835938 -5.13319063186646
-18.6548404693604 89.5730514526367 77.5459518432617
-6.17543172836304 -96.4053268432617 79.6600799560547
-7.02050828933716 -35.5332794189453 129.423126220703
-3.88591766357422 -8.66274738311768 130.892013549805
-4.59855318069458 15.9973430633545 127.572807312012
0.14048333466053 74.7964324951172 97.0839080810547
-2.97510004043579 97.5274047851562 53.3931427001953
10.7957324981689 -93.9686660766602 13.791919708252
15.0402774810791 -100.080871582031 39.4719123840332
11.0789499282837 -98.7376556396484 65.8821563720703
9.69957828521729 -91.0059432983398 89.062385559082
11.5065984725952 -71.5716400146484 112.79573059082
15.821964263916 -47.9324073791504 123.226760864258
18.5274772644043 -21.3106212615967 126.452072143555
15.8129472732544 -0.360535740852356 126.298751831055
15.6342058181763 24.152681350708 122.442474365234
13.0988969802856 50.2871475219727 113.012023925781
14.0079650878906 88.7238388061523 77.790641784668
29.100959777832 87.2456283569336 -67.6383743286133
31.964672088623 86.2957305908203 63.9663734436035
25.529748916626 100.180953979492 -31.009651184082
23.2542934417725 94.4134750366211 -4.68391370773315
25.7405338287354 96.0908660888672 -12.4069290161133
40.8432121276855 -88.4530487060547 42.6643295288086
43.6937828063965 -79.5075302124023 74.4717483520508
42.7962493896484 -74.8379287719727 8.75943660736084
36.2689590454102 85.7806091308594 -59.3028297424316
43.3760375976562 87.7570724487305 43.8593215942383
34.2451591491699 91.5039672851562 -51.7285499572754
36.6486930847168 94.329231262207 -39.5111351013184
48.6067085266113 -52.8687019348145 100.881340026855
54.0319557189941 43.1655235290527 -74.2974853515625
55.5689544677734 43.1687202453613 83.4934997558594
50.6553649902344 64.4296340942383 72.3046112060547
48.5281944274902 78.8808441162109 -50.5914344787598
46.7221755981445 87.18017578125 -38.911979675293
50.6922874450684 89.7687530517578 -25.6590099334717
61.3816146850586 -59.3352737426758 44.3799247741699
62.3555030822754 -48.9972152709961 11.1931018829346
65.2348937988281 -47.8545265197754 74.8678894042969
67.0575637817383 -26.7871208190918 82.7341461181641
60.9386978149414 -3.31386160850525 89.7016754150391
56.4150047302246 22.257625579834 90.0483856201172
64.4432373046875 38.3975601196289 -61.0503540039062
68.2851104736328 50.110595703125 -41.3256645202637
66.0398406982422 52.2077407836914 53.0381507873535
65.8882598876953 74.4073944091797 -20.2198886871338
73.9733963012695 -20.7394714355469 19.2255554199219
73.4117431640625 -27.056453704834 52.9999580383301
77.2037353515625 -12.7388610839844 37.5397529602051
72.9431762695312 -5.88939189910889 64.9990310668945
69.5211944580078 15.9354572296143 -53.4047775268555
79.0795974731445 15.8198766708374 17.749095916748
77.9186935424805 8.24356460571289 40.1144676208496
72.1366119384766 30.4731521606445 -41.7575721740723
77.737678527832 24.346622467041 33.7605056762695
74.4552841186523 29.9442272186279 48.5481796264648
70.3194732666016 21.2100429534912 66.4896545410156
78.2531585693359 31.740816116333 24.4627418518066
75.3234176635742 44.3151664733887 22.2830867767334
77.2391738891602 12.6891012191772 -27.6020927429199
-71.9841003417969 21.1092529296875 -64.9855651855469
29.1811637878418 93.869026184082 46.7553405761719
-34.3982963562012 94.9063720703125 46.4752426147461
11.5496206283569 98.5463562011719 43.7545204162598
-15.0816812515259 98.5912551879883 43.639705657959
-84.5184783935547 7.71009683609009 12.0822486877441
-83.7794952392578 30.3517417907715 15.0503244400024
74.8847732543945 -24.4649467468262 38.9787445068359
75.4711608886719 -10.4525337219238 54.1307907104492
80.3086318969727 28.995906829834 15.9294309616089
