-1.661811 88.2938 28.184528
0.423656 95.788689 -18.540606
0.371331 98.059402 -24.622452
-2.529817 91.915405 -59.731712
-3.122941 93.188675 -72.824532
-3.092371 91.021255 -81.876335
-1.375061 92.003288 37.063255
-1.379744 92.988358 46.936123
-0.282906 84.003914 81.881187
-1.808297 13.69139 122.434784
-2.054869 -7.192041 124.968384
-8.187229 -91.071877 71.984375
-3.519609 -78.048332 -4.561829
-3.306539 -51.630585 -12.666809
-1.228228 -30.235565 -23.795074
5.509786 85.996109 25.26553
-9.868747 86.458214 25.40029
46.342251 78.941605 1.578197
-50.925613 79.827118 1.81094
24.734505 85.957336 39.07177
-31.120985 86.233414 38.687836
22.05743 90.733353 50.379967
-28.592152 91.087601 49.259064
28.462797 83.919983 1.645821
-32.520348 87.722168 -1.12336
50.735096 71.32811 14.459637
-54.281246 76.123489 13.347324
50.930622 75.863174 25.380161
-54.705181 79.141617 24.163471
57.451447 61.331757 20.729752
-64.150642 66.888733 23.453503
74.908417 32.432976 -0.999949
-75.379639 38.398193 -6.613554
45.945503 74.290024 -19.509052
-47.553101 78.393799 -21.072979
61.790527 57.236637 4.733498
-65.863098 62.936935 1.716824
29.671919 79.652039 -29.041384
-29.52405 77.694626 -26.406326
60.000217 61.007313 -16.543457
-62.932228 64.790878 -18.608131
27.771135 80.245972 -7.462925
-30.237221 84.981125 -9.088997
11.93334 91.689972 -3.748934
-12.300665 94.493744 -3.403908
10.310442 89.756226 -16.563507
-11.129916 91.354172 -15.669142
55.107292 59.100365 60.067707
-59.961498 60.060051 59.405464
53.692463 70.92662 42.08419
-57.463902 71.15892 43.291916
63.676216 -3.057314 2.411377
-68.80497 7.939581 -2.906523
67.723228 -20.582804 12.387316
-76.043777 -12.062525 4.272135
48.690262 -52.495663 7.586819
-59.396469 -47.274994 6.207129
54.41729 -12.04567 -28.704075
-58.43219 -8.620967 -35.317265
47.949432 42.397095 -7.439331
-51.365356 48.733246 -16.423935
48.842125 26.371418 -18.185642
-55.351128 34.006413 -24.697514
48.391342 19.662689 -68.416412
-58.085472 27.562866 -63.113289
64.412689 14.296196 -12.520804
-69.678406 18.4842 -17.786077
54.062958 11.376282 -39.718414
-58.943359 21.692312 -40.076992
42.120541 48.848938 -39.215828
-41.501385 55.409134 -39.449108
36.153454 53.150917 -76.575928
-37.013222 62.743538 -75.041359
57.629982 41.032738 31.164906
-60.506866 38.982105 27.191891
59.331749 19.53072 77.537872
-68.32505 16.433348 77.23288
22.176311 76.747513 -72.363106
-30.608978 73.966446 -67.49604
11.841771 84.235703 -83.387756
-17.434322 87.034531 -81.661911
62.3855285644531 -34.0890655517578 26.1129188537598
61.3428382873535 -41.2224349975586 37.4139060974121
61.7829093933105 -42.4126014709473 50.9335594177246
63.9782218933105 -29.7742881774902 64.906494140625
60.895206451416 -3.0474066734314 75.9958648681641
56.8822937011719 45.6386528015137 70.9706268310547
41.452808380127 71.6240463256836 69.1535720825195
44.8394165039062 54.1060791015625 84.9030990600586
45.8716583251953 30.2770957946777 96.251594543457
47.6793098449707 3.37781286239624 99.203742980957
52.2155570983887 -20.2025718688965 96.9872894287109
54.9823684692383 -43.7050857543945 88.5360794067383
52.9761161804199 -59.7028884887695 72.851203918457
50.2691955566406 -65.9679946899414 53.5932426452637
47.6209754943848 -67.4560623168945 30.6875534057617
43.0564193725586 -44.2853164672852 -10.5919408798218
25.1050033569336 72.5585479736328 86.3112182617188
26.9294948577881 50.6423034667969 101.416107177734
27.5170459747314 26.2550792694092 111.012115478516
26.788688659668 -2.45291185379028 114.787605285645
27.3066291809082 -29.8589267730713 115.552452087402
27.4479141235352 -51.2024879455566 108.635963439941
27.420783996582 -67.5758666992188 97.0853118896484
28.0440464019775 -79.6861114501953 77.7886428833008
28.9882717132568 -87.3431701660156 58.7112045288086
28.9721660614014 -88.9774856567383 35.1758308410645
29.3518867492676 -79.3022766113281 15.6126747131348
31.0479030609131 -62.916934967041 -2.82474613189697
34.3107948303223 -31.228063583374 -21.6288166046143
37.7646102905273 82.8419952392578 50.3450775146484
-64.5220031738281 42.374340057373 70.9560775756836
-71.8575668334961 -4.90472793579102 76.3654861450195
-76.049430847168 -25.5613040924072 66.6947250366211
-75.3598403930664 -36.5496063232422 52.7048645019531
-74.6795654296875 -35.572582244873 36.3524703979492
-75.8316040039062 -21.3660202026367 20.6222190856934
-43.468635559082 76.9842529296875 68.6623764038086
-46.7942390441895 60.6662788391113 85.564582824707
-51.4099388122559 37.5327796936035 94.8616104125977
-55.9678726196289 8.26845741271973 97.7614288330078
-61.6114387512207 -16.7208690643311 95.1620941162109
-66.4428024291992 -36.6001625061035 87.0670547485352
-66.0414810180664 -53.0595245361328 73.4388427734375
-65.3134536743164 -59.097095489502 54.0504493713379
-61.100227355957 -55.5404243469238 29.1457138061523
-27.4443759918213 76.9237594604492 85.7100677490234
-30.9923820495605 54.810791015625 101.234489440918
-33.9549140930176 29.1151027679443 110.328048706055
-34.6829681396484 2.07992839813232 113.989250183105
-39.0901718139648 -24.6422958374023 112.729667663574
-42.0166549682617 -46.0202713012695 107.234794616699
-44.062873840332 -63.2796974182129 94.9685592651367
-45.0620918273926 -73.8473510742188 76.5690841674805
-45.598388671875 -80.0809631347656 56.6611747741699
-45.4262351989746 -82.6916656494141 34.8535842895508
-43.3033065795898 -75.3980560302734 15.5691528320312
-42.0776977539062 -58.9465293884277 -4.72821092605591
-39.9821624755859 -27.1293144226074 -22.3989868164062
-43.4591445922852 83.2487640380859 48.1212844848633
-5.67716312408447 -93.7798309326172 28.32106590271
-7.21172475814819 -94.8662567138672 58.6721572875977
-7.31903028488159 -73.3341369628906 103.432922363281
-6.03436326980591 -35.4285011291504 122.883369445801
-2.14664649963379 50.3669013977051 109.58602142334
-1.13651525974274 89.9679183959961 63.9892082214355
24.6749877929688 85.3185958862305 62.5235252380371
-27.2496509552002 87.4590148925781 62.1754417419434
-71.0852890014648 14.3225507736206 20.7795314788818
64.782600402832 1.2243241071701 23.2544021606445
-68.417594909668 -16.6047267913818 -12.646068572998
61.3893203735352 -25.5285758972168 -5.67442989349365
67.5688705444336 2.98862075805664 51.0115203857422
-73.6991271972656 17.4184188842773 46.774730682373
-50.8558349609375 -41.8598480224609 -12.3948602676392
47.7887191772461 41.814567565918 11.0804986953735
-49.8934631347656 45.245174407959 14.3727703094482
53.2669258117676 66.0926818847656 52.4753341674805
-57.5317726135254 68.3469390869141 50.15087890625
-61.4723587036133 48.1187019348145 44.5024032592773
60.4981803894043 43.1365242004395 50.9733428955078
66.5568695068359 21.9780960083008 28.9756088256836
58.706657409668 21.3586139678955 11.3221979141235
-60.6956100463867 26.7950897216797 8.20220947265625
-67.6006698608398 30.2645435333252 26.8542995452881
26.6906909942627 83.7537155151367 -27.1742401123047
29.5795593261719 80.7444915771484 -35.515064239502
12.0104284286499 93.7467269897461 -27.5247001647949
-12.7753801345825 93.6946792602539 -27.3055801391602
-18.9380588531494 90.703742980957 -20.0722141265869
-28.4490814208984 83.3646545410156 -19.8407802581787
-37.3057060241699 77.5262832641602 -20.6252269744873
-26.4033203125 80.8613662719727 -51.7902221679688
-22.4701614379883 85.7772598266602 -47.579273223877
-18.0300025939941 91.5216217041016 -47.5908470153809
-17.2303733825684 91.9400100708008 -59.2718391418457
-9.37344360351562 95.588020324707 -52.8672218322754
-9.86650085449219 92.833984375 -61.5082588195801
6.22607898712158 92.7063217163086 -62.6530227661133
3.63404417037964 96.8657684326172 -53.0266151428223
11.0002813339233 96.3069076538086 -48.5694122314453
17.4204730987549 90.8292617797852 -50.7316360473633
14.94739818573 89.1198196411133 -61.8103256225586
15.3215370178223 94.5577392578125 -53.6960105895996
19.418981552124 83.313591003418 -60.2814750671387
24.5824451446533 72.9514541625977 -62.935791015625
29.9201774597168 63.3004493713379 -51.9871520996094
33.4120941162109 56.6717491149902 -40.912670135498
37.2343482971191 53.6127548217773 -50.1119155883789
33.7406806945801 61.2434310913086 -60.0698471069336
-42.082706451416 53.9504890441895 -58.8818626403809
-34.8906860351562 67.5574188232422 -57.6455230712891
-33.625129699707 69.2662811279297 -51.8659820556641
-38.5040473937988 59.3526992797852 -47.1038932800293
-47.2875785827637 51.8696517944336 -27.05544090271
30.3525371551514 64.2578735351562 -48.8428840637207
31.8391914367676 49.4861030578613 -43.2892227172852
10.0351934432983 90.4024429321289 35.4874610900879
-15.2941293716431 89.7811889648438 34.286449432373
49.8126678466797 76.8547744750977 -8.30678462982178
-53.7999114990234 79.7826232910156 -9.6385440826416
37.9396934509277 77.9055709838867 -13.4147529602051
-43.8912048339844 82.552848815918 -14.1276416778564
60.1029891967773 66.5365905761719 -5.75091314315796
-63.5445137023926 69.8433990478516 -7.64015769958496
45.1227188110352 34.3492774963379 -52.965087890625
-50.2957992553711 38.5363464355469 -49.5339813232422
-60.3240356445312 73.4934463500977 17.5953197479248
58.7641944885254 61.7472343444824 11.2067089080811
75.0767593383789 25.8519592285156 -0.737129807472229
64.2309494018555 55.0368156433105 -4.83073282241821
-68.0974044799805 56.4382972717285 -6.74217510223389
-73.1192626953125 23.8377323150635 -5.07731437683105
-1.38102602958679 90.7108688354492 19.1234436035156
54.9341735839844 68.711311340332 18.4292755126953
55.3976287841797 68.5546875 28.6618824005127
-60.5135917663574 75.3788833618164 29.5845336914062
-63.0040054321289 66.555061340332 10.0240659713745
42.0519256591797 83.6659774780273 35.5558967590332
-45.6635513305664 84.1365280151367 34.0705413818359
48.7113418579102 29.8954792022705 -31.1119232177734
41.6815147399902 37.9465255737305 -70.3541412353516
-53.2076835632324 36.168155670166 -34.2142791748047
-48.9214401245117 42.9860687255859 -67.9544525146484
-45.4318428039551 61.1668128967285 15.7393474578857
-52.5426750183105 65.2475204467773 28.9134941101074
48.7087631225586 59.8259582519531 30.3504161834717
45.6845359802246 55.3810157775879 12.9890689849854
21.3440895080566 86.6132049560547 -13.7372646331787
-19.9521255493164 89.492546081543 -14.344090461731
-60.7404365539551 28.6685390472412 -30.6823139190674
55.8730354309082 16.1225166320801 -27.0480651855469
