38.198761 37.944599 -75.798317
38.685822 36.760208 -75.228409
39.117805 36.022964 -74.943451
39.549789 35.285721 -74.658493
40.095245 34.441338 -74.373528
40.901672 34.744339 -73.960625
40.640686 33.596954 -74.088577
41.368595 33.113922 -73.803619
43.402359 30.899742 -73.518669
43.637619 28.450516 -73.518669
44.246918 26.527740 -72.948753
45.766750 23.668686 -72.378845
46.339874 20.388069 -70.669106
46.837875 19.559608 -69.814232
47.335873 18.731152 -68.959366
48.510132 17.111813 -67.249634
49.307434 15.670671 -64.400070
49.218994 15.302917 -63.830158
49.193069 14.789827 -62.975288
49.167145 14.276741 -62.120422
49.370483 13.999420 -60.980598
49.072021 12.921890 -58.131039
49.555698 11.726578 -54.711563
49.931686 11.649399 -53.286785
50.181610 11.542389 -52.431915
50.416199 11.262379 -51.577045
50.512329 10.620659 -50.152267
50.929138 10.042072 -47.872623
51.543518 9.827347 -45.592972
51.420074 9.469551 -42.173496
51.868317 9.382450 -41.033669
52.817413 9.042549 -37.614201
53.110092 8.579103 -34.764641
52.952972 8.382607 -33.624813
52.354675 7.951195 -30.775253
53.883945 7.837574 -27.355783
54.013855 7.683019 -26.500912
54.143768 7.528465 -25.646042
54.812012 7.270809 -22.796482
55.046295 6.950401 -19.946922
56.495110 6.989038 -18.420095
55.623062 6.257498 -14.973827
55.063622 6.049286 -14.325856
54.504181 5.841076 -13.677887
55.162991 5.561508 -10.258415
54.665924 5.431812 -9.324236
54.565437 5.350834 -8.433258
54.874977 5.384665 -8.232773
55.761814 5.547977 -8.105770
57.282959 5.775242 -7.408852
57.963501 5.843851 -6.838943
58.644547 6.100812 -6.553985
59.321011 7.111965 -5.129204
58.710297 7.787918 -4.559296
59.433807 8.655495 -4.559296
60.157318 9.523071 -4.559296
61.546684 12.742814 -4.559296
60.262280 14.964525 -5.533130
58.326813 15.751260 -6.269028
58.909424 16.904430 -9.118589
58.093338 17.262096 -11.113280
57.565002 17.502129 -11.968147
56.585754 17.593349 -12.538063
54.473148 18.831436 -14.817711
54.290852 19.342842 -15.387623
52.014591 21.523592 -17.382318
51.163300 22.127777 -17.667274
50.517307 22.982727 -17.952230
51.068050 23.169710 -18.099184
49.871307 23.837677 -18.237183
48.816345 26.423098 -18.237183
48.593285 27.096951 -17.667274
48.295349 27.936630 -17.097363
47.715046 29.429476 -15.957540
47.432678 30.082642 -15.387629
47.291107 30.836876 -14.532757
47.149536 31.591110 -13.677887
47.351486 32.159119 -13.677887
46.900284 32.720917 -13.107979
47.102570 33.307648 -12.538062
47.304855 33.894379 -11.968147
47.305405 34.346405 -11.398239
47.375893 34.856827 -10.543370
47.446381 35.367249 -9.688499
47.885666 37.118317 -6.269028
47.341461 37.657761 -5.129204
46.333984 41.338470 -2.849556
44.901627 44.590420 -2.849556
44.581482 45.109085 -2.849556
43.881927 46.107132 -3.419472
43.620636 47.596802 -5.699120
43.846344 47.843079 -6.269028
43.386551 47.942368 -7.978767
43.094814 48.531300 -11.113278
42.962967 48.689758 -11.968147
43.556717 48.742188 -11.968147
43.514206 48.694626 -12.538063
42.987946 48.718060 -12.538063
42.397018 48.660950 -15.387629
42.154968 48.690338 -16.242493
41.912918 48.719727 -17.097359
41.384949 48.721573 -19.946922
42.442028 48.923290 -19.754709
41.518494 48.878792 -20.801790
41.652039 49.036011 -21.656658
42.360226 49.107063 -21.449074
42.709995 48.763084 -22.372362
41.724106 49.120850 -22.796482
40.917191 48.788574 -26.215958
40.569839 48.996063 -30.205341
40.266823 48.630112 -33.339859
40.072906 48.395920 -34.194725
40.502876 48.601566 -35.049595
40.885071 48.750259 -37.614201
40.938950 48.814499 -38.184113
41.311905 49.259216 -38.754025
41.132271 49.358784 -39.608891
40.952637 49.458359 -40.463760
40.949463 50.738556 -43.883232
40.739822 51.132538 -44.453148
40.237770 51.155373 -45.023060
39.735718 51.178207 -45.592972
38.904610 50.719738 -45.970238
37.443016 49.147106 -45.970242
37.127773 48.590027 -45.781605
36.812534 48.032944 -45.592972
36.935520 47.138401 -45.573666
37.090523 46.253868 -43.598278
37.513214 45.888214 -42.743408
36.971100 45.225063 -42.458454
36.428986 44.561920 -42.173496
34.719177 42.470398 -41.603584
33.686325 41.739151 -41.603584
33.053963 42.302345 -42.031021
29.288960 44.236343 -43.883232
29.316895 44.888412 -44.453148
30.490540 46.695747 -44.738106
29.959499 48.180454 -43.267815
29.939701 48.369816 -42.376247
29.919903 48.559185 -41.484673
30.344952 48.772141 -40.923267
30.676003 49.125854 -40.180660
30.537226 49.566628 -38.352894
31.318676 50.311741 -38.063038
31.430502 51.738682 -37.693314
32.219955 52.782818 -37.919170
33.014324 53.138004 -38.569897
33.130882 54.278790 -38.773956
33.177155 55.299240 -39.390186
33.255131 56.119934 -40.239597
33.455898 56.825752 -41.100517
33.622173 57.094753 -41.969719
33.354115 57.459442 -42.732281
33.049927 57.891510 -43.789494
32.116833 58.497349 -44.519299
31.062515 58.906563 -45.046917
30.387163 59.415894 -45.122375
30.508381 59.727646 -45.902760
30.649929 60.757313 -46.482265
29.937172 61.602543 -46.579147
30.211317 62.593117 -47.306969
30.838711 63.271091 -48.297993
30.385735 64.189133 -48.787857
29.938587 65.115067 -49.529060
30.165884 65.665054 -50.702644
29.266872 66.418434 -51.315044
28.684870 66.827522 -52.145718
28.565228 66.928200 -53.162163
27.408047 66.811081 -53.430161
26.367083 66.249413 -53.570553
25.354527 65.715485 -53.622482
24.275547 65.373352 -53.716331
24.187782 65.876839 -54.622219
23.378412 66.135674 -55.050858
23.438061 67.166451 -55.807308
22.337618 67.552696 -55.912357
22.147791 68.363106 -56.650723
21.372852 69.082397 -56.557243
21.303253 69.834305 -57.492805
20.407455 70.675285 -57.485622
19.606792 71.271744 -58.216496
18.905144 71.928902 -58.841103
18.608200 72.272797 -59.840775
19.161037 72.521179 -60.410686
19.713882 72.769562 -60.980598
20.357491 73.301765 -61.265553
21.001091 73.833954 -61.550514
21.362320 76.936768 -61.550514
20.135330 78.204071 -60.410686
19.996933 78.694595 -59.840775
19.858536 79.185120 -59.270863
19.885859 79.837486 -58.985909
19.913181 80.489853 -58.700954
19.940500 81.142220 -58.415993
19.840191 83.545525 -55.281479
19.339228 83.775955 -54.711567
18.838268 84.006378 -54.141655
19.125692 86.041016 -52.546432
19.479622 86.866394 -49.582355
19.186077 88.146393 -48.442532
17.974224 90.775513 -49.012444
17.442347 91.087830 -49.012444
16.869843 91.194855 -49.012444
15.719326 92.086510 -49.344326
15.704909 92.739944 -49.180408
15.730165 93.039238 -49.231049
15.412189 94.855110 -49.443165
12.892288 96.597870 -49.012444
12.292408 96.731995 -49.012444
11.648540 96.507721 -48.442532
9.881304 97.230682 -47.302708
7.533525 98.725891 -46.732796
6.580509 98.397507 -46.732796
5.627494 98.069122 -46.732796
5.612075 97.800415 -47.587662
5.263115 97.015091 -49.582355
4.221438 96.037796 -51.370747
3.633517 95.294060 -51.901333
3.045601 94.550323 -52.431915
2.041623 94.799408 -54.019756
0.669631 94.572327 -55.851391
0.078222 94.114594 -56.136349
-0.514358 94.143097 -56.893085
-1.451172 93.507652 -56.760498
-3.165632 93.492142 -56.709457
-3.457316 93.704803 -56.421303
-3.481207 94.352295 -55.851391
-3.488188 94.541504 -55.281479
-3.485840 94.477875 -54.711563
-3.485620 94.471924 -54.141655
-3.481450 94.358894 -53.286785
-3.477280 94.245850 -52.431915
-5.874972 93.524895 -51.480156
-6.572003 93.486382 -50.847610
-7.116031 93.038094 -50.129951
-7.523844 92.869446 -49.012444
-7.884576 93.536049 -48.491875
-7.728545 93.716156 -47.161282
-7.596597 93.191750 -46.176300
-7.870199 93.474045 -45.308018
-8.213358 94.039185 -45.023060
-12.447402 92.189140 -44.946239
-13.398205 92.635071 -44.453148
-16.074024 90.891907 -44.453148
-16.556343 90.308289 -45.023060
-17.601210 89.006081 -45.390652
-17.510946 88.709000 -45.642517
-17.521656 88.459221 -45.900654
-17.532331 88.222252 -46.161423
-17.340984 87.927025 -46.417156
-17.152395 87.737976 -46.787388
-16.967430 87.723015 -47.317917
-17.396591 88.194138 -47.489380
-16.977415 87.766632 -47.636536
-17.198893 88.120018 -48.321659
-17.329206 88.281685 -48.660446
-17.755795 88.621033 -50.025051
-18.445202 88.077118 -50.722179
-19.638058 88.234344 -50.152267
-19.645733 88.268829 -49.012444
-19.026817 88.093170 -48.442532
-18.399986 87.861206 -48.442532
-17.767818 87.580475 -46.732796
-16.347420 86.116119 -45.023060
-17.604893 86.777405 -44.453148
-19.931984 86.975647 -44.453148
-19.473106 87.493195 -44.453148
-20.554462 87.173950 -44.453148
-21.503412 86.480873 -44.370827
-22.453264 85.196831 -44.149624
-24.476601 82.602020 -45.592972
-25.248081 81.902084 -45.137424
-25.244791 81.336159 -44.877010
-25.447844 81.039909 -44.813698
-25.689289 80.405319 -44.889286
-25.670137 79.809624 -45.077168
-27.207245 77.327637 -45.592972
-27.768028 77.366150 -45.592972
-29.494751 74.712341 -45.023060
-29.521461 73.426544 -45.023060
-29.739304 72.646881 -45.023060
-32.435555 70.257095 -45.592972
-32.624481 69.515823 -45.592972
-32.734959 68.627319 -45.592972
-32.967628 65.393639 -45.877930
-33.232010 64.385757 -45.592972
-34.840515 61.683575 -44.453148
-36.059353 60.277290 -43.750546
-37.913101 59.061981 -42.173496
-39.303757 57.195206 -39.893848
-39.515930 56.737289 -39.323936
-39.809998 54.203888 -37.044289
-39.922302 53.647354 -36.474377
-40.063614 53.137222 -35.904465
-40.455086 52.960251 -35.049595
-41.295250 52.674335 -33.054905
-41.519596 52.619858 -32.484989
-41.743942 52.565384 -31.915075
-42.310074 52.596619 -30.775253
-43.325058 52.494522 -27.925694
-43.602577 52.493279 -26.785870
-43.880096 52.492035 -25.646042
-44.195698 52.532333 -24.791174
-45.146408 52.648743 -21.656658
-45.480957 52.369720 -18.807098
-45.766273 52.035172 -17.667274
-46.051605 51.700623 -16.527452
-47.486786 50.055191 -13.677887
-48.434830 46.756012 -13.107979
-50.513306 44.644714 -13.677887
-51.120644 44.049191 -14.247798
-51.727982 43.453674 -14.817711
-51.719452 42.350037 -17.097359
-52.519409 40.845184 -19.377007
-52.533569 38.271225 -21.656658
-52.723557 37.656891 -22.226570
-53.693924 35.373215 -23.651350
-54.450333 33.702698 -23.936306
-55.064056 32.895409 -23.793827
-55.446320 32.417984 -23.651350
-55.828583 31.940557 -23.508871
-56.210846 31.463135 -23.366394
-58.370300 29.841751 -22.226570
-61.716461 28.673309 -20.516830
-62.618076 28.370920 -19.946918
-63.914448 26.583868 -16.812403
-63.789398 25.825630 -15.957534
-66.182983 24.645681 -13.962845
-64.767960 22.739107 -11.968150
-63.876041 21.694021 -11.050132
-63.085915 20.811987 -10.178958
-62.360409 19.853554 -9.557558
-61.486092 19.154152 -9.215868
-60.295864 18.487053 -8.722857
-59.630688 17.455311 -8.375546
-59.016960 16.465452 -8.221666
-59.468391 15.444258 -8.615200
-58.533897 14.566924 -8.804399
-58.621422 13.957506 -9.398416
-59.036976 13.604777 -10.009994
-59.451954 13.222620 -10.809737
-60.256500 12.770706 -11.968147
-61.112488 11.753698 -15.387629
-61.047455 12.139235 -19.377007
-61.294609 12.955420 -21.127264
-60.498947 13.614077 -23.366396
-60.140385 13.732953 -23.936312
-59.781830 13.851830 -24.506218
-58.975372 14.055794 -25.646042
-58.148026 15.409520 -29.350473
-57.701782 15.682060 -30.205341
-57.195526 16.318588 -33.054901
-56.944504 17.609314 -36.759331
-56.907288 17.793709 -37.614201
-56.931915 18.194672 -39.323936
-57.015411 18.815399 -41.318630
-56.881485 19.167469 -43.313324
-55.835205 19.598589 -47.017754
-55.013538 19.698521 -49.012444
-54.769276 19.708500 -49.582355
-54.525024 19.718475 -50.152267
-54.482925 19.896997 -51.007137
-54.287308 20.212450 -52.716869
-53.098724 20.341774 -56.421303
-52.974579 20.294205 -56.991215
-53.184471 20.471737 -57.561131
-53.394363 20.649269 -58.131039
-53.833710 21.402184 -61.550514
-53.654663 21.722511 -62.690338
-53.574432 22.477257 -63.260242
-53.970425 23.444839 -63.830158
-55.197235 26.492416 -66.109810
-55.126312 27.747988 -66.679718
-54.918484 29.734203 -67.534592
-53.186584 32.460297 -68.959366
-51.188042 35.112671 -70.099190
-50.676224 35.588951 -70.384155
-50.164398 36.065231 -70.669106
-49.220413 37.296936 -71.239021
-48.800011 37.953690 -71.523979
-46.668922 40.726574 -72.663788
-46.266357 41.149773 -72.806274
-45.863800 41.572968 -72.948753
-45.184528 42.539429 -73.233719
-43.050079 44.811523 -74.088577
-41.654655 46.181007 -74.658493
-40.956944 46.865749 -74.943451
-40.259232 47.550491 -75.228409
-39.631943 50.554550 -75.798317
-38.634506 51.916824 -76.368225
-38.144585 52.632095 -76.653183
-37.654663 53.347366 -76.938141
-37.154278 55.573738 -77.223091
-35.200592 57.990555 -78.077965
-34.788933 58.985588 -78.362930
-34.377274 59.980621 -78.647881
-34.098385 60.611576 -78.790359
-33.819496 61.242535 -78.932838
-32.559925 63.595028 -79.502747
-31.000517 65.534500 -80.072655
-30.142900 66.383423 -80.357613
-29.643484 66.975784 -80.500092
-29.144070 67.568146 -80.642563
-27.495539 69.358780 -81.070007
-27.220383 70.414093 -81.074989
-26.196150 70.570602 -81.354958
-25.546455 71.176514 -81.497437
-25.099527 71.722900 -81.639915
-24.652596 72.269287 -81.782402
-24.205666 72.815674 -81.924881
-23.758736 73.362061 -82.067352
-21.594088 76.383301 -82.637260
-19.618469 78.826569 -82.922211
-18.975798 79.412704 -83.064697
-18.333130 79.998840 -83.207176
-17.841587 80.606598 -83.278412
-15.228218 83.063904 -83.777084
-14.755069 83.468132 -83.919563
-13.808762 84.276588 -84.204514
-13.335608 84.680817 -84.347000
-12.722861 85.201683 -84.347000
-12.110106 85.722549 -84.347000
-10.071712 86.909286 -84.347000
-7.034050 86.723068 -84.631950
-6.463269 86.444633 -84.774429
-5.892488 86.166199 -84.916908
-3.194098 86.605263 -84.916908
-2.110034 86.746948 -84.916908
1.155896 86.511017 -84.916908
2.377970 86.503906 -84.916908
3.055772 86.454102 -84.916908
5.595914 85.855576 -84.916908
6.244920 85.502594 -84.916908
8.148846 82.797798 -84.916908
8.312674 81.795563 -84.916908
8.759417 81.123474 -84.916908
9.641111 79.876282 -84.916908
11.558244 79.119064 -84.916908
12.248734 78.634880 -84.916908
13.613411 76.265869 -84.916908
14.282192 75.907959 -84.774429
16.928791 73.331390 -84.347000
17.247215 72.672813 -84.347000
17.565641 72.014229 -84.347000
17.884066 71.355644 -84.347000
18.202492 70.697052 -84.347000
19.084564 70.401482 -84.131676
21.305149 67.620667 -83.777084
21.592087 66.309509 -83.777084
22.236324 65.845474 -83.634605
22.880566 65.381439 -83.492119
23.524801 64.917404 -83.349655
24.611156 63.830673 -83.064697
25.053280 63.207977 -82.922211
26.062794 59.894249 -82.637260
26.104553 59.204803 -82.637260
27.260214 57.886017 -82.352310
27.838047 57.226620 -82.209831
28.415878 56.567230 -82.067352
30.451553 54.507111 -81.497437
32.211750 51.795715 -80.642563
32.403915 51.198147 -80.500092
32.596085 50.600586 -80.357613
34.342781 47.865181 -79.502747
34.975403 46.842911 -79.217789
35.985611 45.752151 -78.647881
36.269150 44.948357 -78.362930
36.596218 43.514008 -77.935486
36.639744 42.883442 -77.793007
36.683270 42.252876 -77.650543
36.726791 41.622314 -77.508057
37.219246 40.375656 -76.938141
37.465473 39.752327 -76.653183
37.711700 39.128998 -76.368225
32.080036 75.961929 -29.186865
31.124115 74.352905 -26.176889
30.915045 73.853455 -25.316898
30.705971 73.354004 -24.456905
31.671923 73.413849 -23.574202
33.085659 72.902176 -22.284214
33.612617 73.501961 -21.900269
33.533447 72.330658 -21.876928
37.577469 71.418274 -21.016935
38.143307 72.017105 -20.763819
39.568680 73.030190 -20.333818
42.949120 72.541458 -20.586939
43.595119 72.073647 -20.801937
44.241119 71.605835 -21.016935
48.140823 71.726440 -20.156942
50.960079 71.237404 -19.414715
52.595108 69.534706 -19.296949
53.218002 68.542923 -19.296949
53.493851 68.012161 -19.296949
55.264969 65.062195 -18.436953
57.555408 64.816002 -18.006958
58.718578 61.701721 -17.576963
58.681442 60.886810 -17.576963
60.133972 57.863693 -16.716970
60.614609 57.239243 -16.501972
61.575882 55.990330 -16.071978
62.467590 54.339050 -15.856979
62.743744 53.725639 -15.856979
63.019901 53.112240 -15.856979
63.296051 52.498833 -15.856979
63.572205 51.885422 -15.856979
64.936920 49.042358 -14.996985
66.873978 46.034286 -14.136993
68.964676 43.133713 -12.417007
69.347733 42.470016 -11.987010
69.730789 41.806320 -11.557014
70.176262 40.898048 -10.894830
70.033478 37.907410 -9.837029
70.335205 37.359497 -9.407034
70.636932 36.811584 -8.977036
70.938660 36.263672 -8.547041
71.331253 35.068623 -7.902047
70.966949 32.293053 -7.257053
71.054810 30.202446 -6.397060
72.699982 27.195297 -5.537067
68.336670 26.053459 -6.397060
67.646072 24.835907 -6.827058
67.300774 24.227137 -7.042055
66.955475 23.618362 -7.257053
66.960266 21.744926 -8.117046
67.685059 18.735306 -8.117046
67.823441 18.201679 -7.687049
67.961830 17.668053 -7.257052
68.100204 17.134428 -6.827056
68.238586 16.600801 -6.397060
68.636162 16.131420 -5.873693
69.033737 15.662039 -5.350333
69.826447 13.313198 -3.817081
69.442734 12.081878 -3.340382
68.855042 10.899948 -2.957088
66.879547 8.018158 -1.237103
65.965500 8.115929 -1.667097
65.051453 8.213698 -2.097095
64.527603 7.747073 -2.097095
61.134747 6.740304 -2.742091
59.536804 7.137836 -2.957088
56.646637 7.152466 -3.817081
56.141693 6.380868 -4.247078
55.636749 5.609270 -4.677074
55.968220 4.641943 -4.677074
54.627506 4.011799 -4.958674
53.176796 3.475696 -5.131420
52.749519 2.794733 -5.655898
52.071323 2.202589 -6.479571
51.292286 1.649466 -7.422835
51.071117 0.954814 -8.298128
50.434570 0.633492 -8.977036
50.912018 -0.164467 -9.837029
51.251831 -2.743048 -13.276999
51.366241 -3.236051 -14.136992
51.480652 -3.729055 -14.996985
52.043793 -6.410057 -16.716970
49.490120 -7.665789 -17.010967
48.035065 -7.920287 -16.918346
45.267239 -8.250340 -15.777508
43.130878 -8.057588 -15.237330
44.056957 -8.261012 -15.720469
43.312943 -8.278721 -15.513556
43.246490 -8.042103 -15.465755
43.050468 -8.293781 -15.304711
42.834164 -8.607606 -15.545403
43.097408 -8.648317 -15.762239
42.858723 -8.587222 -15.782915
42.695396 -8.755157 -16.534958
41.630703 -9.375682 -17.892591
39.790924 -10.490323 -18.746984
39.122501 -11.180058 -19.277903
38.423546 -11.649152 -19.511280
37.983837 -11.865270 -19.920162
37.544132 -12.081384 -20.329041
36.431046 -13.470300 -21.225256
32.654602 -14.739075 -22.736916
30.088831 -17.484921 -22.824293
29.611061 -17.725138 -22.865038
28.768326 -18.089731 -22.871553
26.953878 -18.705032 -22.800882
25.989523 -19.006454 -22.795422
25.374834 -19.230124 -22.676483
24.760143 -19.453789 -22.557541
24.151493 -19.710756 -22.351648
23.542843 -19.967724 -22.145756
23.277983 -20.205376 -22.207169
23.086811 -20.445478 -22.224180
22.801159 -20.444994 -22.257015
22.631844 -20.221550 -22.015169
21.965544 -20.544439 -21.863804
18.844353 -21.972067 -21.276089
15.608383 -21.895935 -21.876928
14.569595 -21.823471 -22.736917
14.050200 -21.787239 -23.166918
13.530807 -21.751007 -23.596912
10.189819 -23.313507 -24.456905
8.498001 -24.278320 -24.456905
7.899674 -24.728691 -24.456905
7.301349 -25.179062 -24.456905
6.703024 -25.629433 -24.456905
6.104698 -26.079803 -24.456905
3.941474 -28.606033 -23.971899
2.594769 -28.581474 -24.263157
1.719845 -28.449524 -24.456905
1.179427 -28.376770 -24.456905
0.421122 -28.485798 -24.490717
-1.298023 -28.598680 -24.550381
-4.725469 -27.556103 -24.993473
-5.515869 -26.746216 -25.316898
-6.250678 -26.819588 -25.378555
-9.564320 -25.180937 -26.151207
-11.252838 -23.777985 -26.176889
-13.995506 -20.676743 -26.176889
-14.551132 -19.679138 -26.176889
-14.910141 -19.389618 -25.316898
-18.661335 -18.883614 -24.265543
-21.975904 -17.895777 -24.814877
-24.799599 -17.390171 -25.457052
-26.957344 -16.916311 -25.550644
-27.676250 -16.678144 -25.584480
-31.071289 -14.551376 -25.316898
-34.961399 -14.837310 -24.997849
-36.967049 -14.769422 -24.371737
-40.057442 -14.170360 -24.627413
-40.785320 -13.937897 -24.574295
-40.727928 -14.322412 -24.438612
-40.701904 -14.970252 -24.254148
-41.088535 -15.635092 -23.224344
-41.285706 -16.100159 -22.286293
-41.063866 -16.310034 -21.343987
-41.441044 -17.026951 -21.429916
-41.707436 -17.139193 -22.071999
-41.828075 -17.634987 -21.509739
-43.458103 -20.269249 -19.745506
-43.535339 -20.497013 -19.942516
-43.644176 -21.035976 -20.132175
-44.428341 -22.780066 -20.657251
-44.535927 -23.842655 -20.493837
-44.279991 -24.109226 -19.612942
-44.653175 -23.795177 -18.904533
-44.637672 -23.091564 -19.473106
-44.071102 -22.190584 -19.691105
-43.888809 -21.212320 -18.872679
-43.892941 -20.787569 -18.699308
-43.887455 -20.203949 -19.161957
-43.539795 -20.081009 -18.953211
-43.443142 -19.984329 -18.776730
-43.406189 -19.857830 -18.680378
-43.425095 -19.597755 -18.743361
-42.054066 -17.166714 -19.329960
-41.288136 -14.937636 -20.311773
-41.205322 -14.683028 -20.527927
-41.159283 -14.397200 -21.228621
-41.150131 -14.378175 -21.385584
-41.136444 -14.366033 -21.706991
-41.147110 -14.350430 -21.948460
-41.122581 -14.334859 -22.186295
-41.146427 -14.319242 -22.429121
-41.312023 -14.644801 -23.357824
-41.713097 -14.930186 -24.352364
-41.566154 -14.141970 -24.339176
-41.528572 -13.475177 -24.370567
-42.533863 -12.787292 -23.959858
-43.349213 -12.556495 -23.888714
-44.164562 -12.325700 -23.817575
-44.491352 -12.337759 -23.660677
-45.859634 -11.997896 -22.906076
-46.267063 -11.714300 -22.787971
-47.989754 -11.326041 -24.761906
-48.429409 -11.062188 -25.166950
-48.840801 -10.900426 -25.846388
-49.252197 -10.738665 -26.525824
-51.155243 -10.333592 -29.237623
-51.571980 -10.180152 -29.789305
-51.988716 -10.026712 -30.340986
-53.378502 -9.619409 -33.041523
-54.088562 -9.556363 -34.076355
-55.990055 -8.488913 -35.894924
-57.411591 -6.423901 -34.776817
-57.686523 -5.356438 -33.916824
-57.807381 -4.635371 -33.056831
-57.901855 -2.817939 -30.476851
-57.249359 -1.346143 -27.036884
-57.247444 -1.166305 -26.391890
-57.245529 -0.986467 -25.746895
-57.241699 -0.626791 -24.456905
-57.066612 -0.447329 -23.811911
-56.891521 -0.267868 -23.166918
-56.099915 0.265115 -21.016935
-55.658478 0.439175 -20.156942
-55.244873 0.782890 -19.296949
-55.705177 1.237972 -18.866953
-56.165482 1.693054 -18.436954
-57.086090 2.603219 -17.576963
-58.051056 3.378309 -16.716970
-58.833862 4.537392 -15.856979
-58.389584 5.241611 -14.996985
-59.655396 6.869583 -12.417007
-59.572296 7.239365 -12.417007
-60.082367 8.068336 -11.557014
-59.667267 8.394382 -11.557014
-59.605133 9.150482 -10.697021
-59.991089 9.982506 -9.837029
-59.682343 10.625645 -9.028144
-58.818195 11.577600 -8.378214
-59.119659 12.621197 -7.922505
-60.312225 13.100644 -7.480472
-61.136116 13.937762 -7.225973
-62.770187 14.118212 -7.042055
-65.845154 14.821671 -6.397060
-67.711296 17.724596 -7.042053
-67.727722 18.406891 -7.257053
-68.118370 19.102383 -7.472051
-68.401031 22.334427 -8.977036
-68.347084 24.366373 -10.036146
-67.630493 25.759619 -11.099478
-67.164612 26.215172 -11.557014
-67.997635 26.789984 -11.557014
-68.830658 27.364799 -11.557014
-69.263275 31.127907 -11.557014
-70.012909 34.691849 -10.697021
-70.105392 35.295254 -10.697021
-70.197891 35.898666 -10.697021
-70.290359 36.502079 -10.697021
-70.382843 37.105484 -10.697021
-71.140945 38.086044 -10.697021
-71.985970 40.895847 -11.342013
-71.625320 42.490715 -11.987008
-70.057770 45.210403 -13.276999
-69.040451 48.656548 -15.426984
-68.615067 49.330154 -15.856979
-68.576477 50.632484 -16.286974
-67.354614 53.064926 -17.576963
-65.935242 56.637611 -18.221958
-65.535599 57.192734 -18.436953
-63.870922 60.020916 -19.098610
-63.494339 60.527866 -19.296949
-63.250111 61.057785 -19.296949
-63.092529 61.675797 -19.296949
-62.712116 62.922157 -19.369276
-62.481899 63.537567 -19.441605
-60.555359 66.288147 -20.156942
-60.016884 66.960716 -20.371943
-59.478416 67.633286 -20.586937
-58.939945 68.305847 -20.801935
-58.401474 68.978424 -21.016935
-57.893311 70.146057 -21.016935
-55.344078 72.916168 -21.446930
-54.650921 73.191574 -21.661928
-53.957764 73.466980 -21.876928
-53.181202 74.354988 -21.876928
-49.952553 75.695343 -22.521919
-49.262863 75.693008 -22.736916
-48.558949 76.773582 -22.684355
-48.593441 75.956223 -22.736916
-47.254585 76.482635 -22.736916
-44.964005 76.217010 -22.736916
-43.674580 76.185463 -22.306921
-41.373627 75.432999 -21.876928
-40.362091 74.712097 -21.876928
-37.345673 74.628143 -22.306923
-37.088989 75.262337 -22.194355
-36.153816 75.363190 -22.636215
-35.198853 75.457260 -22.978909
-34.194763 75.544792 -23.486927
-33.310249 76.318596 -23.631031
-32.353546 76.298225 -24.334377
-31.371534 76.387253 -25.061579
-30.303003 76.536140 -25.773455
-29.703911 77.232224 -26.302231
-29.229427 77.982826 -26.633451
-28.845209 78.938477 -26.844032
-28.485941 79.962975 -26.874367
-28.062017 80.972878 -26.845694
-27.429239 81.941788 -26.757948
-26.705940 82.893951 -26.627342
-25.858521 83.734222 -26.494129
-24.889221 84.444160 -26.375496
-23.886589 84.996307 -26.357340
-22.911753 85.412033 -26.319530
-21.977451 86.019440 -26.170528
-20.903244 86.314041 -26.137901
-20.882250 87.184929 -25.943026
-20.336414 87.796478 -25.643431
-19.746841 88.522820 -25.248730
-19.336737 89.007149 -24.661739
-18.569265 89.370613 -24.441814
-17.884369 90.138000 -24.392466
-17.399431 90.331108 -25.365591
-17.234451 89.416870 -26.181787
-16.691074 89.531219 -26.973217
-16.337095 89.271271 -27.769545
-15.810454 89.401520 -28.756868
-14.801867 91.320404 -30.718575
-14.380465 91.315613 -31.336847
-13.248940 91.614830 -31.336847
-9.662703 90.851746 -31.336847
-9.065268 90.954620 -31.336847
-8.570702 91.497803 -31.336847
-5.790962 93.284576 -32.196838
-4.919288 93.504997 -32.196838
-1.098403 93.402618 -33.056831
-0.586250 94.065712 -33.155941
3.065149 95.157196 -33.056831
3.643792 94.645813 -33.056831
4.222365 94.270050 -33.056831
4.807108 94.101112 -33.056831
8.236574 94.337372 -33.056831
9.510738 93.584412 -33.056831
10.319654 90.258942 -33.056831
12.541771 89.673279 -33.916824
13.421591 89.775131 -34.346817
14.840495 89.487495 -34.873550
16.066223 86.850647 -35.636810
16.746342 86.762329 -36.859989
16.254654 86.360069 -36.496803
16.289032 85.065002 -39.076782
17.203541 84.107697 -39.936775
17.999956 83.613174 -40.416981
18.796368 83.118652 -40.897190
19.666258 82.355621 -41.588345
18.836502 79.319092 -41.656761
19.967709 79.592545 -42.516754
21.098915 79.866028 -43.376743
21.677382 80.010422 -43.806740
22.255856 80.154816 -44.236736
22.732449 80.382210 -44.666729
23.209047 80.609619 -45.096729
24.694658 80.561569 -45.956722
25.759501 79.555862 -45.956722
26.291924 79.053009 -45.956722
26.568068 78.239136 -45.096729
27.145069 79.121979 -42.086758
27.790611 78.583557 -39.936775
28.435030 78.435539 -39.291779
29.079449 78.287521 -38.646786
29.723867 78.139496 -38.001789
30.368286 77.991486 -37.356796
31.044289 77.562492 -36.066807
31.720291 77.133514 -34.776817
32.114479 76.718811 -33.056831
32.314095 76.521072 -31.766844
32.413902 76.422203 -31.121849
32.513710 76.323334 -30.476851
-37.815434 53.995556 5.560931
-37.819950 54.489346 5.351408
-38.009651 55.319977 5.144788
-38.287708 55.461754 5.125324
-38.238945 55.955475 4.921300
-38.459446 56.449463 4.689456
-39.443382 58.888092 4.023226
-40.012459 60.630463 3.595691
-40.530918 61.565918 3.361945
-41.700497 64.706406 2.963861
-42.095768 65.673676 2.823100
-42.243862 66.157059 2.761270
-42.568661 66.407959 2.744117
-42.784077 66.713814 2.500483
-44.416775 68.834946 2.002712
-46.543167 70.158302 1.613197
-47.498932 70.583313 1.542211
-47.976017 70.657043 1.497715
-48.452759 70.671936 1.449402
-49.668819 70.625031 1.561998
-50.170128 70.620117 1.751234
-53.393372 70.251648 2.359432
-54.078907 70.063911 2.276267
-56.457005 69.159035 1.971169
-57.169418 68.712708 1.868294
-57.644180 68.383057 1.797629
-58.855896 67.582657 1.861341
-59.331806 67.086052 1.900321
-61.759365 64.408257 2.077504
-62.506683 63.613815 2.189620
-62.833927 63.039734 2.238896
-63.161171 62.465656 2.288172
-63.368595 62.583961 2.957452
-63.601517 61.748795 2.195715
-64.689117 61.550682 2.311694
-65.165932 61.495293 2.263396
-66.724670 59.728218 0.697881
-67.069489 58.531342 0.482883
-67.251526 57.950272 0.482883
-67.659241 56.836609 0.482883
-67.853485 55.923340 0.052887
-68.047729 55.010071 -0.377110
-68.164673 55.368679 -0.384882
-69.692322 54.906677 -1.237103
-69.965576 54.413345 -1.237103
-70.102676 53.816875 -1.237103
-70.347153 53.305786 -1.237103
-71.049469 52.446381 -1.237103
-71.366974 51.823303 -1.237103
-71.684479 51.200226 -1.237103
-72.001984 50.577148 -1.237103
-72.319496 49.954071 -1.237103
-72.764099 48.925865 -1.667103
-73.875061 45.725861 -2.957088
-74.287048 44.700256 -3.817081
-74.356941 43.797966 -4.247078
-74.761719 40.622055 -3.817081
-75.059074 39.573975 -3.387085
-75.356415 38.525894 -2.957088
-75.088341 34.885857 -2.097095
-75.317291 33.790073 -2.373528
-75.003052 33.995525 -2.097095
-74.423126 32.061012 -2.097095
-73.928497 31.016830 -2.097095
-73.673340 30.367111 -2.097095
-73.504333 29.758804 -2.097095
-73.409760 28.652740 -2.097095
-73.447540 28.137268 -2.097095
-73.758759 26.151581 -2.097095
-73.771942 25.635887 -2.097095
-73.648682 24.047905 -2.097095
-73.535889 23.501068 -2.097095
-73.285675 22.410637 -2.097095
-73.156982 21.869858 -2.097095
-72.694916 20.247955 -2.097095
-72.268341 19.154396 -2.097095
-71.933594 18.101883 -2.097095
-71.796783 17.588768 -2.097095
-71.733551 17.096489 -2.097095
-71.661560 16.604439 -2.097095
-71.580963 16.112793 -2.097095
-71.467407 15.616341 -2.097095
-70.379913 14.455029 -1.237103
-70.046692 14.845629 -1.237103
-69.711205 15.232590 -1.237103
-69.283783 15.595703 -1.237103
-69.044403 16.597984 -1.237103
-68.458992 16.868301 -1.237103
-65.245819 19.059334 -1.237103
-64.505066 19.725540 -1.237103
-64.126404 20.050972 -1.237103
-63.343601 20.683067 -1.237103
-61.164261 22.766582 -1.237103
-60.433472 23.587929 -1.237103
-59.963428 24.055124 -1.237103
-59.493378 24.522324 -1.237103
-57.688080 27.243515 -2.097095
-57.336693 27.738054 -2.312093
-54.989471 30.327545 -3.817081
-53.635010 31.362717 -3.817081
-53.310947 31.624146 -3.817081
-51.933777 33.514435 -2.097095
-49.928658 35.767609 -0.592109
-48.325035 36.364651 -0.377110
-47.634369 36.547531 -0.377110
-46.943703 36.730408 -0.377110
-46.253036 36.913284 -0.377110
-42.001694 38.555450 1.342876
-42.997574 41.507233 3.922852
-43.550766 42.572830 4.782845
-42.407932 44.636494 6.773699
-40.984863 45.519482 7.040782
-40.384933 45.719570 7.064472
-38.752991 45.966068 7.110805
-38.289032 46.220306 6.934027
-37.215206 47.201656 6.706983
-36.885582 47.684734 6.692226
-36.908306 49.867760 6.350021
-36.939537 50.713818 6.402184
-50.695862 74.774826 9.082809
-50.910088 74.836143 9.727804
-51.444008 74.861816 13.382772
-51.396835 74.793167 14.242764
-51.640396 74.893570 14.887756
-52.127506 75.094383 16.177748
-52.371063 75.194794 16.822742
-52.650558 75.596100 17.682735
-53.149811 77.337685 20.875771
-51.955109 77.677963 23.702686
-50.924652 78.246368 26.282665
-50.984467 78.888878 26.927660
-51.044296 79.531387 27.572655
-50.496128 81.452545 29.722631
-48.150665 82.802414 31.442616
-47.184521 82.921761 31.872612
-46.218369 83.041092 32.302608
-43.318146 82.649597 33.162601
-42.769215 82.861214 33.377598
-42.220284 83.072823 33.592598
-41.671352 83.284447 33.807598
-41.122421 83.496063 34.022594
-39.208588 83.545135 34.882587
-38.609436 83.630035 34.882587
-35.590546 83.918335 35.742580
-31.912222 83.906433 36.602573
-30.590816 83.576477 36.602573
-29.496193 83.828453 36.602573
-28.401567 84.080414 36.602573
-27.515928 83.777565 36.320667
-26.120125 83.039192 35.890671
-25.609955 82.603668 35.742580
-22.730270 82.374847 34.022594
-22.203541 82.481834 33.162601
-21.676811 82.588806 32.302608
-21.134317 82.624313 31.657614
-20.591824 82.659828 31.012621
-18.865669 82.322662 28.002651
-18.040440 82.263229 27.142658
-15.992671 81.452301 23.702686
-15.457173 81.913719 22.757431
-15.456932 81.425171 22.842690
-15.625928 83.758636 19.402718
-15.794128 83.201477 18.542727
-15.936259 83.986076 17.606060
-15.814228 83.307358 17.682735
-15.834328 83.413239 16.822742
-15.874302 83.623810 15.962749
-16.034006 84.685234 14.864341
-16.099422 84.919777 13.693560
-16.164841 85.154327 12.522781
-17.564695 85.208817 8.867809
-17.817719 85.080841 8.222816
-18.075350 84.982056 7.577821
-18.848248 84.685699 5.642838
-19.493298 85.061371 4.782845
-19.637760 85.691772 3.922852
-20.086872 86.372711 3.492857
-20.535984 87.053650 3.062860
-22.651119 88.540756 1.772872
-24.877043 88.012245 1.342876
-26.129452 86.706192 1.342876
-26.372858 86.053864 1.342876
-26.616261 85.401535 1.342876
-26.859665 84.749207 1.342876
-29.885513 84.939728 0.482883
-30.519203 85.015350 0.267885
-31.152889 85.090973 0.052887
-32.420265 85.242218 -0.377110
-33.204636 85.878639 -0.705255
-36.440701 85.569626 -1.022105
-36.971603 84.966614 -0.807106
-37.502506 84.363602 -0.592108
-38.717751 84.388153 -0.576045
-38.033405 83.760590 -0.377110
-40.008282 83.474930 -0.220595
-41.161179 80.992188 0.482883
-43.184914 78.184464 1.772872
-43.341793 77.598450 1.987869
-43.498672 77.012436 2.202869
-44.928375 76.156616 3.062859
-48.466919 75.502975 5.642838
-9.518985 95.163124 2.632863
-10.476594 95.638870 0.052886
-10.643023 95.770996 -0.592107
-10.801596 95.833466 -2.097095
-10.724154 95.146362 -2.957088
-10.935844 94.381493 -3.817085
-11.160635 93.758095 -4.892075
-11.385426 93.134689 -5.967064
-11.493446 91.617554 -8.977036
-11.632172 91.560692 -9.622030
-11.770895 91.503830 -10.267025
-11.006447 90.001511 -13.706997
-10.621485 89.198853 -14.136993
-8.876621 88.675262 -15.856977
-6.530045 87.420135 -16.716970
-5.959664 87.117111 -16.716970
-5.389284 86.814087 -16.716970
-2.630437 85.937500 -16.716970
-1.003012 85.291077 -13.276999
-0.467082 85.242706 -12.417007
2.727595 84.677887 -12.417007
3.272460 85.000641 -13.276999
3.312382 86.037598 -13.706997
3.352304 87.074554 -14.136993
3.170783 88.062538 -15.521351
3.640924 87.357269 -15.856977
5.798914 86.910027 -16.716972
6.459834 86.544708 -16.716974
7.120756 86.179382 -16.716970
7.928597 86.072372 -16.286974
8.736437 85.965363 -15.856979
9.162772 86.101463 -15.211986
10.934095 86.043121 -11.557014
11.114498 87.462708 -8.117046
11.345923 88.150398 -7.902050
11.494759 90.455109 -5.537067
11.328217 91.028320 -4.687520
11.149279 91.644836 -3.861191
11.086952 91.854980 -2.957088
10.922956 91.693733 -1.666568
10.840956 91.613113 -1.021308
10.758958 91.532494 -0.376048
10.449430 91.393944 0.482883
9.919880 91.870850 1.342876
9.347412 91.977264 2.202869
9.059057 92.011871 2.847862
8.770704 92.046478 3.492857
6.775344 92.650291 6.502829
6.346776 92.789177 6.932826
5.918209 92.928070 7.362823
5.363449 93.467651 8.222816
3.055621 94.861389 9.942801
2.467331 95.167664 9.942801
1.872143 95.308746 9.942801
1.272815 95.442551 9.942801
0.074158 95.710159 9.942801
-0.525171 95.843964 9.942801
-1.128144 95.931671 9.942801
-1.730142 95.899323 9.942801
-2.331357 95.845886 9.942801
-3.567937 95.456787 9.738436
-2.902288 95.104408 9.507058
-3.481216 94.352570 9.082809
-6.166160 94.511398 7.362823
-7.660154 94.551971 5.642838
-8.287756 94.891022 4.782845
62.164066 12.646675 3.922852
60.150360 15.026380 3.492856
59.822201 15.546427 3.277858
59.494049 16.066475 3.062859
58.070404 18.858002 3.062859
57.887054 19.201160 3.062859
57.408997 20.250862 3.062859
57.080734 21.354111 3.062859
56.158783 23.870766 3.062859
55.948555 24.513338 3.062859
54.347351 27.675034 3.062859
53.928864 28.320450 3.062859
51.964840 31.262394 3.062859
51.545135 31.790144 3.062859
51.092560 32.403793 3.062859
49.205170 35.255966 3.062859
48.771595 35.882145 3.277857
47.470856 37.760696 3.922852
45.820694 39.962749 4.640802
44.619049 40.826385 4.782845
43.438831 41.665699 4.705562
43.198753 41.968376 4.700558
42.541363 42.989124 4.699422
41.543552 45.396580 4.512492
41.170048 48.775421 4.212315
41.089096 49.731853 4.266562
41.076515 52.122787 4.421794
41.246490 54.174297 5.056449
41.465065 54.916069 5.279051
41.683640 55.657845 5.501650
42.864456 58.630661 5.756861
43.111187 59.254433 5.705844
43.406071 62.409588 5.211920
43.529331 62.656128 5.123596
44.194118 64.659698 4.599330
44.371460 65.250519 4.414958
44.548798 65.841324 4.230587
44.996792 66.573051 3.842035
45.665276 66.843437 3.687457
46.473751 66.984970 3.538924
46.950592 66.953918 3.586188
50.369526 66.631081 3.677128
50.791355 66.466095 3.709937
53.924160 64.758217 3.680618
54.775848 64.012512 3.719848
56.568245 62.321579 4.035839
58.060032 60.391842 4.305116
59.217777 58.462425 4.539876
59.619034 57.976059 4.670214
60.020294 57.489697 4.800549
62.326523 54.907700 3.922852
63.365921 54.425217 4.782845
63.907608 53.510452 4.782845
64.316368 52.831532 4.352849
65.100784 51.618759 3.707854
66.700119 48.428070 3.062859
67.003731 47.852234 2.847862
68.590714 44.719238 2.202869
70.091934 41.426666 3.062859
70.164383 40.877136 3.062859
70.692482 40.003689 3.062859
71.220581 39.130234 3.062859
71.693375 38.655251 2.847857
72.166161 38.180271 2.632861
73.165161 34.977695 2.847859
73.132599 34.393692 3.062859
73.470093 33.433338 3.062859
73.807587 32.472984 3.062859
74.170776 28.812515 3.062859
74.165924 27.743683 3.062859
74.509552 23.680290 2.202869
74.388092 23.128365 2.202869
74.219971 22.057701 2.202869
73.146835 18.654976 2.847860
72.815369 18.199310 3.062859
73.220749 17.412354 2.836176
72.820076 17.597555 3.062859
72.449387 14.525649 3.062859
72.199371 13.765617 3.062859
72.057434 13.270142 3.062859
70.312256 10.227123 3.922852
70.648041 8.020241 3.922852
69.831253 7.489120 3.492854
67.494881 6.871785 3.420746
66.638840 7.874598 3.922852
66.290497 8.570347 3.922852
65.593811 9.961845 3.922852
65.215942 10.323868 3.922852
64.764191 10.669688 3.922852
64.243561 10.995831 3.922852
62.710114 12.147984 3.922852
-52.522266 5.886371 -6.612059
-53.053055 6.116293 -6.827057
-54.114624 6.576138 -7.257053
-53.785580 6.195992 -8.117043
-54.097824 5.364877 -9.837029
-54.739105 4.913910 -10.697021
-58.002472 5.942104 -9.837029
-58.123859 6.521645 -9.061494
-60.983398 7.022511 -7.257053
-61.524597 6.884199 -6.827056
-62.065796 6.745887 -6.397060
-63.792847 5.726662 -5.537067
-63.996540 3.468842 -5.984714
-63.469238 2.494997 -6.397060
-63.033058 2.010747 -6.811252
-62.596886 1.526503 -7.225440
-62.122021 1.006466 -7.671243
-58.636108 0.462671 -8.977036
-57.418182 0.806071 -8.547042
-55.628731 1.476746 -7.687051
-55.057205 1.804022 -7.257053
-54.485680 2.131298 -6.827056
-53.914154 2.458573 -6.397060
-53.243225 3.434139 -6.397060
-52.731842 3.733828 -6.397060
-52.322998 4.035261 -6.397060
-52.088318 4.346384 -6.397060
-51.911804 4.660103 -6.397060
-51.758575 4.974199 -6.397060
-51.749603 5.301525 -6.397060
-51.991486 5.656448 -6.397060
33.279270 83.904190 36.172577
33.811756 83.709167 35.957577
34.344238 83.514130 35.742580
34.907532 83.391205 35.742580
36.614330 83.458138 35.614449
38.215450 82.841530 35.184456
39.450108 82.937088 34.885361
38.808418 82.349396 34.882587
39.870770 82.563240 34.452591
41.539558 82.684334 33.807598
44.339005 81.760269 32.302608
45.585472 81.965424 32.011768
45.023174 81.484299 31.872608
45.707336 81.208321 31.442612
47.881058 79.719284 29.722637
48.396389 79.325661 29.326609
49.776779 77.053337 26.780594
49.693981 76.507614 26.101633
49.611176 75.961899 25.422672
49.800133 75.479980 24.992676
49.989082 74.998062 24.562679
50.300957 72.463196 21.552706
50.248108 72.144211 20.907707
50.109894 71.703064 19.402721
49.784546 71.395264 17.565369
48.703064 70.630562 15.102757
48.451344 70.265518 14.242764
48.308315 70.099808 13.093929
48.234444 69.818703 11.944343
48.922958 70.378868 11.071394
48.063171 69.702591 10.802795
47.957943 70.890045 9.073092
47.849415 71.240410 8.503000
47.740883 71.590767 7.932915
46.999523 72.460602 6.502831
44.247177 72.327354 4.155791
44.247124 72.567284 4.158442
44.098164 75.463409 3.337581
41.320221 77.538551 2.329802
40.156311 77.496643 2.202869
39.493370 78.010765 2.202869
38.830429 78.524902 2.202869
38.322384 79.067917 2.202869
37.814346 79.610931 2.202869
37.306305 80.153946 2.202869
36.798256 80.696960 2.202869
34.972466 81.647842 1.597831
32.069389 80.854797 2.202869
28.396446 81.929901 3.062859
25.828581 82.370659 3.707852
24.005562 82.412079 4.352848
23.444023 82.411873 4.567844
22.882484 82.411652 4.782845
19.977562 81.834442 6.502831
17.038113 80.713776 9.082809
16.510967 80.721710 9.942801
14.824488 80.104279 12.952776
14.483899 79.669388 13.597770
14.143312 79.234497 14.242764
13.821114 80.342926 18.542727
13.763686 80.009087 19.187723
13.706257 79.675240 19.832724
13.648829 79.341408 20.477713
13.591400 79.007568 21.122707
13.601641 79.067108 21.982700
13.719911 79.754623 23.917685
13.759335 79.983795 24.562679
14.116780 80.536079 25.422668
15.329480 81.432632 29.077642
15.504591 82.588249 29.752903
15.602425 81.479370 29.722637
16.212292 81.877197 30.582624
16.844961 83.520882 31.175789
18.890900 84.241058 33.162601
19.843142 83.557953 34.022594
23.187729 83.510986 35.742580
23.751781 83.504639 36.602573
27.511534 83.995193 37.291092
29.002731 83.679169 36.602573
29.684620 83.930489 36.602573
50.483147 -5.254433 -2.957088
51.363525 -5.672340 -2.957088
53.952911 -6.820417 -3.817081
56.070248 -6.898968 -3.387084
57.817337 -6.196175 -2.527092
58.941574 -4.446247 -1.667099
59.201775 -3.814355 -1.452101
59.570587 -2.063762 -1.237103
59.625031 -0.941575 -2.097095
59.474457 -0.565639 -2.957088
59.394653 -0.378625 -3.817081
59.314850 -0.191611 -4.677074
57.312622 -0.545079 -7.257053
56.427948 -0.891088 -8.117046
54.841187 -3.280661 -9.837029
54.665646 -3.614820 -9.837029
54.021027 -3.913073 -9.837029
53.344189 -3.697877 -9.407032
52.667358 -3.482681 -8.977036
51.580032 -3.410781 -8.547042
50.492706 -3.338881 -8.117046
47.681396 -4.056450 -5.537067
48.490540 -4.432175 -4.677074
