189
-68.0735470 -49.7030910 72.7991710
-73.3417970 -27.3164350 11.3174460
-75.9401550 -30.8504810 39.0565070
-76.3692020 -32.0277060 52.8242760
-67.5839230 -32.8978080 86.6650850
-69.4059450 -19.5373570 -7.9829160
-76.0946660 -18.8341370 22.6734660
-76.1502080 -19.4649600 65.8863450
-77.6240840 -8.5357360 45.7963180
-69.9276120 4.9610850 76.1181790
-71.6646120 13.6981810 21.6227970
-72.5593870 18.5235290 47.6066170
-69.9259030 19.8176570 -16.2325780
-69.9453740 25.3363360 -9.7959590
-75.2438350 38.1870230 -7.0932430
-66.6507570 58.4139860 -16.3734280
-69.2717900 54.0068050 -7.2147070
-59.3195190 -64.9565120 48.4591670
-61.4045560 -57.8512610 36.4279630
-65.7264790 -58.5947040 54.8150180
-55.9915770 -35.7534520 -13.0898610
-58.7948610 -8.4318240 -35.0168800
-61.4951970 -13.0524390 94.9299550
-57.7337040 27.5364950 -64.3625640
-58.4059450 20.9796370 -41.6858560
-65.9039460 29.4623300 77.9004140
-54.8815310 34.2225490 -24.4533880
-65.2503050 42.9743960 55.3929020
-60.5717890 52.2488980 69.9855730
-65.5297850 63.8079190 2.3869590
-58.1898190 63.6618120 59.8438760
-62.9522710 70.6492920 -6.2435030
-59.9534300 74.2192380 -0.3563930
-60.1177370 73.6009220 17.0980680
-64.2131350 65.4910740 20.9412310
-58.1305540 69.9251020 40.5939940
-43.2037770 -74.9727940 14.8853130
-45.6020810 -82.5831300 35.1455460
-44.9688910 -80.7064670 56.3356900
-45.5409810 -73.4260250 76.7699970
-45.4640010 -61.5031130 95.2763210
-42.9064140 -59.3394700 -3.3194060
-43.3394240 -46.6388210 105.9721830
-53.6950910 9.9336620 99.9477010
-50.1220700 38.9076160 -49.5904160
-52.1214600 37.8212890 -33.4780040
-51.5488170 36.0728420 95.4369280
-45.1123350 46.5576170 -72.2376170
-45.3670960 47.1685790 -59.4777870
-43.8381350 52.8240170 -37.2035980
-50.8224490 48.7083130 -19.5102540
-48.2696880 59.6320760 84.9402310
-52.6080740 77.2462160 -20.1911260
-53.8820000 79.6785890 -9.7799530
-43.3770370 83.7364500 -11.6560080
-51.2581830 80.1752320 1.2906730
-52.7145420 80.3984380 27.8318020
-42.7947390 82.6947630 50.9117810
-43.1848370 76.7387470 70.2427220
-40.3863560 -26.7596020 -22.2515890
-40.3507350 -24.0935570 112.0837330
-34.4721830 2.6417950 114.1338120
-32.1145590 28.5159240 111.4629750
-35.5893550 64.4182280 -76.5030750
-31.3210490 54.1932180 101.4328990
-36.4356690 65.0514220 -57.5649450
-37.0701450 77.3930050 -20.8214450
-32.1715970 85.6007690 37.8381770
-34.1029550 88.5113530 -2.3751080
-26.1676770 75.5992130 87.6368330
-23.6188510 83.6442870 -69.7740550
-28.4334910 83.3688350 -19.8724330
-28.8518310 86.2380370 -8.2172940
-21.9995570 88.5128170 -14.3292460
-22.2444690 91.6242070 50.4646450
-17.4092350 87.5554200 -80.0573430
-13.8762450 86.3212890 17.7104660
-16.7789060 92.1854250 -59.1878930
-17.3446200 92.0561520 -46.1017760
-12.9345400 93.6314090 -28.1465800
-18.5343780 89.3009640 4.1793180
-15.6135640 89.8355100 34.6766280
-17.1876530 89.2106860 63.9841120
-5.6002890 -94.0192870 29.7323460
-6.9326950 -94.2426760 62.1168820
-3.9757860 -77.6606450 -4.6585690
-3.8731690 -74.5041200 102.5260310
-1.7871630 -49.5105900 -12.4938660
-1.6821460 -29.0246890 -24.3816530
-5.7150680 -36.1000750 122.6905520
-1.2676780 16.7291010 121.4490970
-0.6386150 50.5259400 109.5235600
-0.7961160 83.2167360 83.2428510
-0.8915160 90.6435550 -82.1435470
-0.8234250 92.8078000 -71.3758090
-1.5357110 93.1411740 -61.9479060
1.1198140 98.9339600 -28.7273560
1.0781300 96.2019040 -18.8673130
-2.1574700 95.8594360 10.6075480
-1.4507720 90.5415650 19.4040490
-1.4548790 88.7886350 29.6431120
-1.0835770 93.1042480 43.8847810
-1.1103530 90.0759280 63.2836760
12.1036040 84.8687130 -81.7666850
10.2411500 85.3119510 19.2021580
14.4670720 89.0684810 -62.6416170
15.5694270 90.2996220 -51.6243590
11.8344100 93.6903690 -28.3138290
10.1535120 90.6560060 36.0812420
24.4591330 -91.3429870 33.9567410
25.4130170 -90.2440490 57.8696590
22.5568890 -81.9298710 13.0170880
25.3072430 -80.8954770 77.8205570
22.2353590 -65.0845030 -4.7491840
26.9938810 -67.9843900 96.9866030
26.9972000 -52.4111790 108.2167360
23.5382160 -30.9191590 -21.6014100
27.4060970 -28.9758450 115.5545350
24.9188080 -0.8806800 115.8067630
25.7672420 24.6374450 112.2629390
26.7742310 50.0699650 101.8018490
25.8370360 65.8064880 -81.2992630
24.7118380 72.1489410 86.9071350
17.0694810 83.8690800 -72.5728610
24.3462520 85.3743900 -20.1896950
27.6458780 80.4350590 -6.8193170
16.7924310 86.5113530 5.6583190
22.6442390 86.2095950 37.8012730
17.5565410 87.5189510 64.0362850
17.6726000 91.2606810 51.5156400
38.2925420 44.2744830 -76.7470780
39.4227290 45.2386250 -64.9333950
34.2345580 60.9599880 -60.8422200
30.5739440 77.6317750 -24.3959520
37.9030340 77.6923830 -13.8619720
34.0653610 83.9370730 -0.1826450
36.0184670 83.6798710 51.5160260
47.2956850 -69.0642010 34.5698850
48.1997380 -68.9806210 54.0311890
48.2211910 -50.6666720 3.8027220
48.7080080 -59.8834230 19.5786530
43.1090090 -43.2266310 -11.3924260
45.8250430 3.0707240 100.9897230
48.1036990 20.7724230 -68.9303130
49.1253660 20.6215820 -52.1667100
50.1036990 26.0093920 -33.0833510
49.6291500 26.3175090 -20.0136600
46.0931700 30.5300790 95.9514310
45.1464840 34.1002540 -53.5052570
45.8636470 41.1998980 -30.4673650
42.6015630 48.1343610 -39.2488560
47.5423580 42.4728320 -9.9332890
45.2717590 53.3499830 84.9057770
50.7040330 73.2433470 -18.4547790
47.1306720 76.1734620 3.5255220
41.3283690 71.5904310 69.8768310
49.6598010 77.0479130 -7.9678050
42.4470670 83.3983150 34.8824230
52.7100220 -59.9876290 73.0521550
61.4356380 -41.0223620 37.5871510
61.8178710 -42.2228240 52.2306250
55.3305360 -42.8081400 88.4393010
62.6670530 -33.3179170 26.5288770
51.7966000 -20.8337400 97.5485150
54.7365720 -13.9673080 -29.4575560
60.8362120 -3.2506410 76.3355560
54.1775510 10.8832740 -39.0438310
59.4631040 20.8528790 77.9893190
52.6555180 41.8817290 17.5838700
60.2162480 36.3092540 35.7094120
62.5841060 31.8982700 58.4842830
57.3724670 44.9013820 70.4999010
62.0006100 57.7859190 -14.5264490
62.2898560 58.1867750 3.6905440
57.5649410 62.0606920 20.6750260
54.6315310 58.6934620 62.6356120
59.9089660 66.8495030 -5.8195690
55.8502500 70.1123660 4.3162250
52.7758180 73.2167430 41.4227220
52.6472780 65.7185520 55.1605610
63.9821170 -29.4893490 65.1261670
63.6815800 -25.6005400 8.4853510
64.9414060 0.7725110 23.7849860
66.1760860 3.0292300 52.3745650
64.9381100 12.6977750 -11.8152940
71.7377320 20.3132460 -6.0907910
75.0946660 26.5951540 1.1855320
72.7221680 40.5861210 -2.5158250
64.2591550 54.5974580 -6.6428240
